100;286;0;0;0;286;0;0;0;0;0;0;0;0;0;0;32;37;106;111;439;419;2.86;0.0;0.0;0.0;1.0;0.0;0.0;0.0;0.0;0.0;0.0;0.0;0.0;0.0;0.0;0.11188811188811189;0.12937062937062938;0.3706293706293706;0.3881118881118881;0.5116550116550117;0.48834498834498835;0.0;0.0;1.0;0.0;0.0:BMS
100;272;0;0;0;272;0;0;0;0;0;0;0;0;0;0;36;44;97;95;419;397;2.72;0.0;0.0;0.0;1.0;0.0;0.0;0.0;0.0;0.0;0.0;0.0;0.0;0.0;0.0;0.1323529411764706;0.16176470588235295;0.35661764705882354;0.3492647058823529;0.5134803921568627;0.48651960784313725;0.0;0.0;1.0;0.0;0.0:BMS
100;287;0;0;0;287;0;0;0;0;0;0;0;0;0;0;40;35;104;108;425;436;2.87;0.0;0.0;0.0;1.0;0.0;0.0;0.0;0.0;0.0;0.0;0.0;0.0;0.0;0.0;0.13937282229965156;0.12195121951219512;0.3623693379790941;0.37630662020905925;0.49361207897793263;0.5063879210220673;0.0;0.0;1.0;0.0;0.0:BMS
100;308;0;0;0;308;0;0;0;0;0;0;0;0;0;0;36;39;109;124;474;450;3.08;0.0;0.0;0.0;1.0;0.0;0.0;0.0;0.0;0.0;0.0;0.0;0.0;0.0;0.0;0.11688311688311688;0.1266233766233766;0.3538961038961039;0.4025974025974026;0.512987012987013;0.487012987012987;0.0;0.0;1.0;0.0;0.0:BMS
100;306;0;0;0;306;0;0;0;0;0;0;0;0;0;0;39;42;114;111;462;456;3.06;0.0;0.0;0.0;1.0;0.0;0.0;0.0;0.0;0.0;0.0;0.0;0.0;0.0;0.0;0.12745098039215685;0.13725490196078433;0.37254901960784315;0.3627450980392157;0.5032679738562091;0.49673202614379086;0.0;0.0;1.0;0.0;0.0:BMS
100;283;0;0;0;283;0;0;0;0;0;0;0;0;0;0;43;39;92;109;427;422;2.83;0.0;0.0;0.0;1.0;0.0;0.0;0.0;0.0;0.0;0.0;0.0;0.0;0.0;0.0;0.1519434628975265;0.13780918727915195;0.3250883392226148;0.38515901060070673;0.502944640753828;0.49705535924617195;0.0;0.0;1.0;0.0;0.0:BMS
99;301;0;0;0;301;0;0;0;0;0;0;0;0;0;0;35;31;107;128;456;447;3.04040404040404;0.0;0.0;0.0;1.0;0.0;0.0;0.0;0.0;0.0;0.0;0.0;0.0;0.0;0.0;0.11627906976744186;0.10299003322259136;0.3554817275747508;0.42524916943521596;0.5049833887043189;0.4950166112956811;0.0;0.0;1.0;0.0;0.0:BMS
100;311;0;0;0;311;0;0;0;0;0;0;0;0;0;0;39;45;105;122;484;449;3.11;0.0;0.0;0.0;1.0;0.0;0.0;0.0;0.0;0.0;0.0;0.0;0.0;0.0;0.0;0.12540192926045016;0.14469453376205788;0.33762057877813506;0.39228295819935693;0.5187566988210075;0.4812433011789925;0.0;0.0;1.0;0.0;0.0:BMS
100;288;0;0;0;288;0;0;0;0;0;0;0;0;0;0;37;39;108;104;433;431;2.88;0.0;0.0;0.0;1.0;0.0;0.0;0.0;0.0;0.0;0.0;0.0;0.0;0.0;0.0;0.1284722222222222;0.13541666666666666;0.375;0.3611111111111111;0.5011574074074074;0.4988425925925926;0.0;0.0;1.0;0.0;0.0:BMS
100;293;0;0;0;293;0;0;0;0;0;0;0;0;0;0;41;35;107;110;432;447;2.93;0.0;0.0;0.0;1.0;0.0;0.0;0.0;0.0;0.0;0.0;0.0;0.0;0.0;0.0;0.13993174061433447;0.11945392491467577;0.3651877133105802;0.37542662116040953;0.49146757679180886;0.5085324232081911;0.0;0.0;1.0;0.0;0.0:BMS
100;269;0;0;0;269;0;0;0;0;0;0;0;0;0;0;31;38;102;98;412;395;2.69;0.0;0.0;0.0;1.0;0.0;0.0;0.0;0.0;0.0;0.0;0.0;0.0;0.0;0.0;0.11524163568773234;0.1412639405204461;0.379182156133829;0.3643122676579926;0.5105328376703842;0.48946716232961585;0.0;0.0;1.0;0.0;0.0:BMS
100;287;0;0;0;287;0;0;0;0;0;0;0;0;0;0;38;34;105;110;427;434;2.87;0.0;0.0;0.0;1.0;0.0;0.0;0.0;0.0;0.0;0.0;0.0;0.0;0.0;0.0;0.13240418118466898;0.11846689895470383;0.36585365853658536;0.3832752613240418;0.4959349593495935;0.5040650406504065;0.0;0.0;1.0;0.0;0.0:BMS
100;281;0;0;0;281;0;0;0;0;0;0;0;0;0;0;33;32;97;119;431;412;2.81;0.0;0.0;0.0;1.0;0.0;0.0;0.0;0.0;0.0;0.0;0.0;0.0;0.0;0.0;0.11743772241992882;0.11387900355871886;0.34519572953736655;0.4234875444839858;0.5112692763938316;0.4887307236061684;0.0;0.0;1.0;0.0;0.0:BMS
100;290;0;0;0;290;0;0;0;0;0;0;0;0;0;0;40;36;113;101;423;447;2.9;0.0;0.0;0.0;1.0;0.0;0.0;0.0;0.0;0.0;0.0;0.0;0.0;0.0;0.0;0.13793103448275862;0.12413793103448276;0.3896551724137931;0.3482758620689655;0.4862068965517241;0.5137931034482759;0.0;0.0;1.0;0.0;0.0:BMS
100;293;0;0;0;293;0;0;0;0;0;0;0;0;0;0;42;31;104;116;429;450;2.93;0.0;0.0;0.0;1.0;0.0;0.0;0.0;0.0;0.0;0.0;0.0;0.0;0.0;0.0;0.14334470989761092;0.10580204778156997;0.35494880546075086;0.39590443686006827;0.4880546075085324;0.5119453924914675;0.0;0.0;1.0;0.0;0.0:BMS
100;291;0;0;0;291;0;0;0;0;0;0;0;0;0;0;40;41;107;103;436;437;2.91;0.0;0.0;0.0;1.0;0.0;0.0;0.0;0.0;0.0;0.0;0.0;0.0;0.0;0.0;0.13745704467353953;0.140893470790378;0.36769759450171824;0.3539518900343643;0.49942726231386025;0.5005727376861397;0.0;0.0;1.0;0.0;0.0:BMS
100;277;0;0;0;277;0;0;0;0;0;0;0;0;0;0;43;44;92;98;420;411;2.77;0.0;0.0;0.0;1.0;0.0;0.0;0.0;0.0;0.0;0.0;0.0;0.0;0.0;0.0;0.1552346570397112;0.1588447653429603;0.33212996389891697;0.35379061371841153;0.5054151624548736;0.49458483754512633;0.0;0.0;1.0;0.0;0.0:BMS
100;299;0;0;0;299;0;0;0;0;0;0;0;0;0;0;42;43;112;102;445;452;2.99;0.0;0.0;0.0;1.0;0.0;0.0;0.0;0.0;0.0;0.0;0.0;0.0;0.0;0.0;0.14046822742474915;0.14381270903010032;0.3745819397993311;0.3411371237458194;0.496098104793757;0.5039018952062431;0.0;0.0;1.0;0.0;0.0:BMS
100;279;0;0;0;279;0;0;0;0;0;0;0;0;0;0;31;36;103;109;429;408;2.79;0.0;0.0;0.0;1.0;0.0;0.0;0.0;0.0;0.0;0.0;0.0;0.0;0.0;0.0;0.1111111111111111;0.12903225806451613;0.36917562724014336;0.3906810035842294;0.5125448028673835;0.4874551971326165;0.0;0.0;1.0;0.0;0.0:BMS
100;297;0;0;0;297;0;0;0;0;0;0;0;0;0;0;34;32;112;119;446;445;2.97;0.0;0.0;0.0;1.0;0.0;0.0;0.0;0.0;0.0;0.0;0.0;0.0;0.0;0.0;0.11447811447811448;0.10774410774410774;0.3771043771043771;0.4006734006734007;0.500561167227834;0.4994388327721661;0.0;0.0;1.0;0.0;0.0:BMS
100;289;0;0;0;289;0;0;0;0;0;0;0;0;0;0;33;42;109;105;445;422;2.89;0.0;0.0;0.0;1.0;0.0;0.0;0.0;0.0;0.0;0.0;0.0;0.0;0.0;0.0;0.11418685121107267;0.1453287197231834;0.3771626297577855;0.3633217993079585;0.5132641291810842;0.4867358708189158;0.0;0.0;1.0;0.0;0.0:BMS
100;281;0;0;0;281;0;0;0;0;0;0;0;0;0;0;36;40;104;101;426;417;2.81;0.0;0.0;0.0;1.0;0.0;0.0;0.0;0.0;0.0;0.0;0.0;0.0;0.0;0.0;0.12811387900355872;0.1423487544483986;0.3701067615658363;0.3594306049822064;0.505338078291815;0.49466192170818507;0.0;0.0;1.0;0.0;0.0:BMS
100;303;0;0;0;303;0;0;0;0;0;0;0;0;0;0;44;32;108;119;442;467;3.03;0.0;0.0;0.0;1.0;0.0;0.0;0.0;0.0;0.0;0.0;0.0;0.0;0.0;0.0;0.14521452145214522;0.10561056105610561;0.3564356435643564;0.3927392739273927;0.48624862486248627;0.5137513751375138;0.0;0.0;1.0;0.0;0.0:BMS
100;295;0;0;0;295;0;0;0;0;0;0;0;0;0;0;41;37;115;102;430;455;2.95;0.0;0.0;0.0;1.0;0.0;0.0;0.0;0.0;0.0;0.0;0.0;0.0;0.0;0.0;0.13898305084745763;0.12542372881355932;0.3898305084745763;0.34576271186440677;0.4858757062146893;0.5141242937853108;0.0;0.0;1.0;0.0;0.0:BMS
100;301;0;0;0;301;0;0;0;0;0;0;0;0;0;0;40;26;112;123;436;467;3.01;0.0;0.0;0.0;1.0;0.0;0.0;0.0;0.0;0.0;0.0;0.0;0.0;0.0;0.0;0.132890365448505;0.08637873754152824;0.37209302325581395;0.40863787375415284;0.48283499446290146;0.5171650055370985;0.0;0.0;1.0;0.0;0.0:BMS
100;286;0;0;0;286;0;0;0;0;0;0;0;0;0;0;40;34;103;109;423;435;2.86;0.0;0.0;0.0;1.0;0.0;0.0;0.0;0.0;0.0;0.0;0.0;0.0;0.0;0.0;0.13986013986013987;0.11888111888111888;0.36013986013986016;0.3811188811188811;0.493006993006993;0.506993006993007;0.0;0.0;1.0;0.0;0.0:BMS
100;291;0;0;0;291;0;0;0;0;0;0;0;0;0;0;40;42;98;111;446;427;2.91;0.0;0.0;0.0;1.0;0.0;0.0;0.0;0.0;0.0;0.0;0.0;0.0;0.0;0.0;0.13745704467353953;0.14432989690721648;0.33676975945017185;0.38144329896907214;0.5108820160366552;0.48911798396334477;0.0;0.0;1.0;0.0;0.0:BMS
100;294;0;0;0;294;0;0;0;0;0;0;0;0;0;0;41;44;101;108;449;433;2.94;0.0;0.0;0.0;1.0;0.0;0.0;0.0;0.0;0.0;0.0;0.0;0.0;0.0;0.0;0.13945578231292516;0.14965986394557823;0.3435374149659864;0.3673469387755102;0.5090702947845805;0.4909297052154195;0.0;0.0;1.0;0.0;0.0:BMS
100;301;0;0;0;301;0;0;0;0;0;0;0;0;0;0;35;32;122;112;442;461;3.01;0.0;0.0;0.0;1.0;0.0;0.0;0.0;0.0;0.0;0.0;0.0;0.0;0.0;0.0;0.11627906976744186;0.10631229235880399;0.4053156146179402;0.37209302325581395;0.4894795127353267;0.5105204872646734;0.0;0.0;1.0;0.0;0.0:BMS
100;311;0;0;0;311;0;0;0;0;0;0;0;0;0;0;42;43;119;107;462;471;3.11;0.0;0.0;0.0;1.0;0.0;0.0;0.0;0.0;0.0;0.0;0.0;0.0;0.0;0.0;0.13504823151125403;0.1382636655948553;0.38263665594855306;0.3440514469453376;0.49517684887459806;0.5048231511254019;0.0;0.0;1.0;0.0;0.0:BMS
100;291;0;0;0;291;0;0;0;0;0;0;0;0;0;0;40;37;101;113;438;435;2.91;0.0;0.0;0.0;1.0;0.0;0.0;0.0;0.0;0.0;0.0;0.0;0.0;0.0;0.0;0.13745704467353953;0.12714776632302405;0.3470790378006873;0.38831615120274915;0.5017182130584192;0.49828178694158076;0.0;0.0;1.0;0.0;0.0:BMS
100;298;0;0;0;298;0;0;0;0;0;0;0;0;0;0;35;36;122;105;440;454;2.98;0.0;0.0;0.0;1.0;0.0;0.0;0.0;0.0;0.0;0.0;0.0;0.0;0.0;0.0;0.1174496644295302;0.12080536912751678;0.40939597315436244;0.3523489932885906;0.49217002237136465;0.5078299776286354;0.0;0.0;1.0;0.0;0.0:BMS
100;290;0;0;0;290;0;0;0;0;0;0;0;0;0;0;39;40;99;112;443;427;2.9;0.0;0.0;0.0;1.0;0.0;0.0;0.0;0.0;0.0;0.0;0.0;0.0;0.0;0.0;0.13448275862068965;0.13793103448275862;0.3413793103448276;0.38620689655172413;0.5091954022988506;0.4908045977011494;0.0;0.0;1.0;0.0;0.0:BMS
100;280;0;0;0;280;0;0;0;0;0;0;0;0;0;0;31;40;110;99;428;412;2.8;0.0;0.0;0.0;1.0;0.0;0.0;0.0;0.0;0.0;0.0;0.0;0.0;0.0;0.0;0.11071428571428571;0.14285714285714285;0.39285714285714285;0.3535714285714286;0.5095238095238095;0.49047619047619045;0.0;0.0;1.0;0.0;0.0:BMS
100;309;0;0;0;309;0;0;0;0;0;0;0;0;0;0;36;37;110;126;473;454;3.09;0.0;0.0;0.0;1.0;0.0;0.0;0.0;0.0;0.0;0.0;0.0;0.0;0.0;0.0;0.11650485436893204;0.11974110032362459;0.3559870550161812;0.4077669902912621;0.5102481121898598;0.48975188781014023;0.0;0.0;1.0;0.0;0.0:BMS
100;302;0;0;0;302;0;0;0;0;0;0;0;0;0;0;40;44;105;113;463;443;3.02;0.0;0.0;0.0;1.0;0.0;0.0;0.0;0.0;0.0;0.0;0.0;0.0;0.0;0.0;0.13245033112582782;0.1456953642384106;0.347682119205298;0.3741721854304636;0.5110375275938189;0.488962472406181;0.0;0.0;1.0;0.0;0.0:BMS
100;272;0;0;0;272;0;0;0;0;0;0;0;0;0;0;32;31;103;106;408;408;2.72;0.0;0.0;0.0;1.0;0.0;0.0;0.0;0.0;0.0;0.0;0.0;0.0;0.0;0.0;0.11764705882352941;0.11397058823529412;0.3786764705882353;0.3897058823529412;0.5;0.5;0.0;0.0;0.0;0.0;0.0:BMS
100;304;0;0;0;304;0;0;0;0;0;0;0;0;0;0;39;41;124;100;447;465;3.04;0.0;0.0;0.0;1.0;0.0;0.0;0.0;0.0;0.0;0.0;0.0;0.0;0.0;0.0;0.12828947368421054;0.13486842105263158;0.40789473684210525;0.32894736842105265;0.4901315789473684;0.5098684210526315;0.0;0.0;1.0;0.0;0.0:BMS
100;288;0;0;0;288;0;0;0;0;0;0;0;0;0;0;37;40;106;105;436;428;2.88;0.0;0.0;0.0;1.0;0.0;0.0;0.0;0.0;0.0;0.0;0.0;0.0;0.0;0.0;0.1284722222222222;0.1388888888888889;0.3680555555555556;0.3645833333333333;0.5046296296296297;0.49537037037037035;0.0;0.0;1.0;0.0;0.0:BMS
100;293;0;0;0;293;0;0;0;0;0;0;0;0;0;0;36;38;112;107;440;439;2.93;0.0;0.0;0.0;1.0;0.0;0.0;0.0;0.0;0.0;0.0;0.0;0.0;0.0;0.0;0.12286689419795221;0.1296928327645051;0.3822525597269625;0.3651877133105802;0.5005688282138794;0.49943117178612056;0.0;0.0;1.0;0.0;0.0:BMS
100;288;0;0;0;288;0;0;0;0;0;0;0;0;0;0;35;42;112;99;436;428;2.88;0.0;0.0;0.0;1.0;0.0;0.0;0.0;0.0;0.0;0.0;0.0;0.0;0.0;0.0;0.12152777777777778;0.14583333333333334;0.3888888888888889;0.34375;0.5046296296296297;0.49537037037037035;0.0;0.0;1.0;0.0;0.0:BMS
100;296;0;0;0;296;0;0;0;0;0;0;0;0;0;0;34;31;105;126;450;438;2.96;0.0;0.0;0.0;1.0;0.0;0.0;0.0;0.0;0.0;0.0;0.0;0.0;0.0;0.0;0.11486486486486487;0.10472972972972973;0.3547297297297297;0.42567567567567566;0.5067567567567568;0.49324324324324326;0.0;0.0;1.0;0.0;0.0:BMS
100;272;0;0;0;272;0;0;0;0;0;0;0;0;0;0;31;34;120;87;396;420;2.72;0.0;0.0;0.0;1.0;0.0;0.0;0.0;0.0;0.0;0.0;0.0;0.0;0.0;0.0;0.11397058823529412;0.125;0.4411764705882353;0.31985294117647056;0.4852941176470588;0.5147058823529411;0.0;0.0;1.0;0.0;0.0:BMS
100;282;0;0;0;282;0;0;0;0;0;0;0;0;0;0;42;31;105;104;406;440;2.82;0.0;0.0;0.0;1.0;0.0;0.0;0.0;0.0;0.0;0.0;0.0;0.0;0.0;0.0;0.14893617021276595;0.1099290780141844;0.3723404255319149;0.36879432624113473;0.4799054373522459;0.5200945626477541;0.0;0.0;1.0;0.0;0.0:BMS
100;291;0;0;0;291;0;0;0;0;0;0;0;0;0;0;48;41;105;97;422;451;2.91;0.0;0.0;0.0;1.0;0.0;0.0;0.0;0.0;0.0;0.0;0.0;0.0;0.0;0.0;0.16494845360824742;0.140893470790378;0.36082474226804123;0.3333333333333333;0.4833906071019473;0.5166093928980527;0.0;0.0;1.0;0.0;0.0:BMS
100;291;0;0;0;291;0;0;0;0;0;0;0;0;0;0;40;34;110;107;426;447;2.91;0.0;0.0;0.0;1.0;0.0;0.0;0.0;0.0;0.0;0.0;0.0;0.0;0.0;0.0;0.13745704467353953;0.11683848797250859;0.37800687285223367;0.36769759450171824;0.4879725085910653;0.5120274914089347;0.0;0.0;1.0;0.0;0.0:BMS
100;288;0;0;0;288;0;0;0;0;0;0;0;0;0;0;33;35;107;113;438;426;2.88;0.0;0.0;0.0;1.0;0.0;0.0;0.0;0.0;0.0;0.0;0.0;0.0;0.0;0.0;0.11458333333333333;0.12152777777777778;0.3715277777777778;0.3923611111111111;0.5069444444444444;0.4930555555555556;0.0;0.0;1.0;0.0;0.0:BMS
100;304;0;0;0;304;0;0;0;0;0;0;0;0;0;0;46;35;118;105;433;479;3.04;0.0;0.0;0.0;1.0;0.0;0.0;0.0;0.0;0.0;0.0;0.0;0.0;0.0;0.0;0.1513157894736842;0.11513157894736842;0.3881578947368421;0.34539473684210525;0.47478070175438597;0.5252192982456141;0.0;0.0;1.0;0.0;0.0:BMS
100;298;0;0;0;298;0;0;0;0;0;0;0;0;0;0;31;31;116;120;449;445;2.98;0.0;0.0;0.0;1.0;0.0;0.0;0.0;0.0;0.0;0.0;0.0;0.0;0.0;0.0;0.1040268456375839;0.1040268456375839;0.38926174496644295;0.40268456375838924;0.5022371364653244;0.49776286353467564;0.0;0.0;1.0;0.0;0.0:BMS
100;286;0;0;0;286;0;0;0;0;0;0;0;0;0;0;37;36;99;114;435;423;2.86;0.0;0.0;0.0;1.0;0.0;0.0;0.0;0.0;0.0;0.0;0.0;0.0;0.0;0.0;0.12937062937062938;0.1258741258741259;0.34615384615384615;0.3986013986013986;0.506993006993007;0.493006993006993;0.0;0.0;1.0;0.0;0.0:BMS
100;288;0;0;0;288;0;0;0;0;0;0;0;0;0;0;39;39;100;110;437;427;2.88;0.0;0.0;0.0;1.0;0.0;0.0;0.0;0.0;0.0;0.0;0.0;0.0;0.0;0.0;0.13541666666666666;0.13541666666666666;0.3472222222222222;0.3819444444444444;0.5057870370370371;0.49421296296296297;0.0;0.0;1.0;0.0;0.0:BMS
100;287;0;0;0;287;0;0;0;0;0;0;0;0;0;0;32;38;112;105;436;425;2.87;0.0;0.0;0.0;1.0;0.0;0.0;0.0;0.0;0.0;0.0;0.0;0.0;0.0;0.0;0.11149825783972125;0.13240418118466898;0.3902439024390244;0.36585365853658536;0.5063879210220673;0.49361207897793263;0.0;0.0;1.0;0.0;0.0:BMS
100;312;0;0;0;312;0;0;0;0;0;0;0;0;0;0;40;33;128;111;449;487;3.12;0.0;0.0;0.0;1.0;0.0;0.0;0.0;0.0;0.0;0.0;0.0;0.0;0.0;0.0;0.1282051282051282;0.10576923076923077;0.41025641025641024;0.3557692307692308;0.4797008547008547;0.5202991452991453;0.0;0.0;1.0;0.0;0.0:BMS
100;309;0;0;0;309;0;0;0;0;0;0;0;0;0;0;41;33;117;118;452;475;3.09;0.0;0.0;0.0;1.0;0.0;0.0;0.0;0.0;0.0;0.0;0.0;0.0;0.0;0.0;0.13268608414239483;0.10679611650485436;0.3786407766990291;0.3818770226537217;0.48759439050701187;0.5124056094929881;0.0;0.0;1.0;0.0;0.0:BMS
100;300;0;0;0;300;0;0;0;0;0;0;0;0;0;0;41;37;100;122;455;445;3.0;0.0;0.0;0.0;1.0;0.0;0.0;0.0;0.0;0.0;0.0;0.0;0.0;0.0;0.0;0.13666666666666666;0.12333333333333334;0.3333333333333333;0.4066666666666667;0.5055555555555555;0.49444444444444446;0.0;0.0;1.0;0.0;0.0:BMS
100;294;0;0;0;294;0;0;0;0;0;0;0;0;0;0;41;33;117;103;422;460;2.94;0.0;0.0;0.0;1.0;0.0;0.0;0.0;0.0;0.0;0.0;0.0;0.0;0.0;0.0;0.13945578231292516;0.11224489795918367;0.3979591836734694;0.35034013605442177;0.47845804988662133;0.5215419501133787;0.0;0.0;1.0;0.0;0.0:BMS
100;276;0;0;0;276;0;0;0;0;0;0;0;0;0;0;27;41;115;93;424;404;2.76;0.0;0.0;0.0;1.0;0.0;0.0;0.0;0.0;0.0;0.0;0.0;0.0;0.0;0.0;0.09782608695652174;0.14855072463768115;0.4166666666666667;0.33695652173913043;0.5120772946859904;0.48792270531400966;0.0;0.0;1.0;0.0;0.0:BMS
100;268;0;0;0;268;0;0;0;0;0;0;0;0;0;0;29;34;102;103;410;394;2.68;0.0;0.0;0.0;1.0;0.0;0.0;0.0;0.0;0.0;0.0;0.0;0.0;0.0;0.0;0.10820895522388059;0.12686567164179105;0.3805970149253731;0.3843283582089552;0.5099502487562189;0.4900497512437811;0.0;0.0;1.0;0.0;0.0:BMS
100;293;0;0;0;293;0;0;0;0;0;0;0;0;0;0;34;39;117;103;440;439;2.93;0.0;0.0;0.0;1.0;0.0;0.0;0.0;0.0;0.0;0.0;0.0;0.0;0.0;0.0;0.11604095563139932;0.13310580204778158;0.3993174061433447;0.3515358361774744;0.5005688282138794;0.49943117178612056;0.0;0.0;1.0;0.0;0.0:BMS
100;277;0;0;0;277;0;0;0;0;0;0;0;0;0;0;26;34;122;95;414;417;2.77;0.0;0.0;0.0;1.0;0.0;0.0;0.0;0.0;0.0;0.0;0.0;0.0;0.0;0.0;0.09386281588447654;0.12274368231046931;0.4404332129963899;0.34296028880866425;0.4981949458483754;0.5018050541516246;0.0;0.0;1.0;0.0;0.0:BMS
100;305;0;0;0;305;0;0;0;0;0;0;0;0;0;0;40;48;119;98;459;456;3.05;0.0;0.0;0.0;1.0;0.0;0.0;0.0;0.0;0.0;0.0;0.0;0.0;0.0;0.0;0.13114754098360656;0.15737704918032788;0.3901639344262295;0.32131147540983607;0.5016393442622951;0.49836065573770494;0.0;0.0;1.0;0.0;0.0:BMS
100;290;0;0;0;290;0;0;0;0;0;0;0;0;0;0;36;39;110;105;437;433;2.9;0.0;0.0;0.0;1.0;0.0;0.0;0.0;0.0;0.0;0.0;0.0;0.0;0.0;0.0;0.12413793103448276;0.13448275862068965;0.3793103448275862;0.3620689655172414;0.5022988505747127;0.49770114942528737;0.0;0.0;1.0;0.0;0.0:BMS
100;282;0;0;0;282;0;0;0;0;0;0;0;0;0;0;35;43;114;90;423;423;2.82;0.0;0.0;0.0;1.0;0.0;0.0;0.0;0.0;0.0;0.0;0.0;0.0;0.0;0.0;0.12411347517730496;0.1524822695035461;0.40425531914893614;0.3191489361702128;0.5;0.5;0.0;0.0;0.0;0.0;0.0:BMS
100;295;0;0;0;295;0;0;0;0;0;0;0;0;0;0;46;34;108;107;424;461;2.95;0.0;0.0;0.0;1.0;0.0;0.0;0.0;0.0;0.0;0.0;0.0;0.0;0.0;0.0;0.15593220338983052;0.1152542372881356;0.36610169491525424;0.36271186440677966;0.47909604519774013;0.5209039548022599;0.0;0.0;1.0;0.0;0.0:BMS
100;306;0;0;0;306;0;0;0;0;0;0;0;0;0;0;36;35;111;124;464;454;3.06;0.0;0.0;0.0;1.0;0.0;0.0;0.0;0.0;0.0;0.0;0.0;0.0;0.0;0.0;0.11764705882352941;0.11437908496732026;0.3627450980392157;0.40522875816993464;0.5054466230936819;0.49455337690631807;0.0;0.0;1.0;0.0;0.0:BMS
100;266;0;0;0;266;0;0;0;0;0;0;0;0;0;0;31;38;99;98;409;389;2.66;0.0;0.0;0.0;1.0;0.0;0.0;0.0;0.0;0.0;0.0;0.0;0.0;0.0;0.0;0.11654135338345864;0.14285714285714285;0.37218045112781956;0.3684210526315789;0.5125313283208021;0.487468671679198;0.0;0.0;1.0;0.0;0.0:BMS
100;284;0;0;0;284;0;0;0;0;0;0;0;0;0;0;36;34;104;110;426;426;2.84;0.0;0.0;0.0;1.0;0.0;0.0;0.0;0.0;0.0;0.0;0.0;0.0;0.0;0.0;0.1267605633802817;0.11971830985915492;0.36619718309859156;0.3873239436619718;0.5;0.5;0.0;0.0;0.0;0.0;0.0:BMS
100;303;0;0;0;303;0;0;0;0;0;0;0;0;0;0;36;45;110;112;469;440;3.03;0.0;0.0;0.0;1.0;0.0;0.0;0.0;0.0;0.0;0.0;0.0;0.0;0.0;0.0;0.1188118811881188;0.1485148514851485;0.36303630363036304;0.3696369636963696;0.5159515951595159;0.48404840484048406;0.0;0.0;1.0;0.0;0.0:BMS
100;289;0;0;0;289;0;0;0;0;0;0;0;0;0;0;34;37;110;108;437;430;2.89;0.0;0.0;0.0;1.0;0.0;0.0;0.0;0.0;0.0;0.0;0.0;0.0;0.0;0.0;0.11764705882352941;0.12802768166089964;0.3806228373702422;0.3737024221453287;0.5040369088811996;0.49596309111880044;0.0;0.0;1.0;0.0;0.0:BMS
100;289;0;0;0;289;0;0;0;0;0;0;0;0;0;0;38;42;113;96;431;436;2.89;0.0;0.0;0.0;1.0;0.0;0.0;0.0;0.0;0.0;0.0;0.0;0.0;0.0;0.0;0.1314878892733564;0.1453287197231834;0.39100346020761245;0.33217993079584773;0.497116493656286;0.5028835063437139;0.0;0.0;1.0;0.0;0.0:BMS
100;283;0;0;0;283;0;0;0;0;0;0;0;0;0;0;35;29;114;105;411;438;2.83;0.0;0.0;0.0;1.0;0.0;0.0;0.0;0.0;0.0;0.0;0.0;0.0;0.0;0.0;0.12367491166077739;0.10247349823321555;0.4028268551236749;0.3710247349823322;0.4840989399293286;0.5159010600706714;0.0;0.0;1.0;0.0;0.0:BMS
100;292;0;0;0;292;0;0;0;0;0;0;0;0;0;0;34;31;115;112;432;444;2.92;0.0;0.0;0.0;1.0;0.0;0.0;0.0;0.0;0.0;0.0;0.0;0.0;0.0;0.0;0.11643835616438356;0.10616438356164383;0.3938356164383562;0.3835616438356164;0.4931506849315068;0.5068493150684932;0.0;0.0;1.0;0.0;0.0:BMS
100;288;0;0;0;288;0;0;0;0;0;0;0;0;0;0;36;37;95;120;446;418;2.88;0.0;0.0;0.0;1.0;0.0;0.0;0.0;0.0;0.0;0.0;0.0;0.0;0.0;0.0;0.125;0.1284722222222222;0.3298611111111111;0.4166666666666667;0.5162037037037037;0.4837962962962963;0.0;0.0;1.0;0.0;0.0:BMS
100;289;0;0;0;289;0;0;0;0;0;0;0;0;0;0;36;38;101;114;443;424;2.89;0.0;0.0;0.0;1.0;0.0;0.0;0.0;0.0;0.0;0.0;0.0;0.0;0.0;0.0;0.1245674740484429;0.1314878892733564;0.3494809688581315;0.3944636678200692;0.510957324106113;0.48904267589388695;0.0;0.0;1.0;0.0;0.0:BMS
100;294;0;0;0;294;0;0;0;0;0;0;0;0;0;0;35;36;106;117;448;434;2.94;0.0;0.0;0.0;1.0;0.0;0.0;0.0;0.0;0.0;0.0;0.0;0.0;0.0;0.0;0.11904761904761904;0.12244897959183673;0.36054421768707484;0.3979591836734694;0.5079365079365079;0.49206349206349204;0.0;0.0;1.0;0.0;0.0:BMS
100;290;0;0;0;290;0;0;0;0;0;0;0;0;0;0;38;30;115;107;419;451;2.9;0.0;0.0;0.0;1.0;0.0;0.0;0.0;0.0;0.0;0.0;0.0;0.0;0.0;0.0;0.1310344827586207;0.10344827586206896;0.39655172413793105;0.3689655172413793;0.48160919540229885;0.5183908045977011;0.0;0.0;1.0;0.0;0.0:BMS
100;296;0;0;0;296;0;0;0;0;0;0;0;0;0;0;32;29;111;124;446;442;2.96;0.0;0.0;0.0;1.0;0.0;0.0;0.0;0.0;0.0;0.0;0.0;0.0;0.0;0.0;0.10810810810810811;0.09797297297297297;0.375;0.4189189189189189;0.5022522522522522;0.49774774774774777;0.0;0.0;1.0;0.0;0.0:BMS
100;290;0;0;0;290;0;0;0;0;0;0;0;0;0;0;33;32;115;110;431;439;2.9;0.0;0.0;0.0;1.0;0.0;0.0;0.0;0.0;0.0;0.0;0.0;0.0;0.0;0.0;0.11379310344827587;0.1103448275862069;0.39655172413793105;0.3793103448275862;0.4954022988505747;0.5045977011494253;0.0;0.0;1.0;0.0;0.0:BMS
100;280;0;0;0;280;0;0;0;0;0;0;0;0;0;0;38;40;102;100;422;418;2.8;0.0;0.0;0.0;1.0;0.0;0.0;0.0;0.0;0.0;0.0;0.0;0.0;0.0;0.0;0.1357142857142857;0.14285714285714285;0.36428571428571427;0.35714285714285715;0.5023809523809524;0.4976190476190476;0.0;0.0;1.0;0.0;0.0:BMS
100;270;0;0;0;270;0;0;0;0;0;0;0;0;0;0;26;33;114;97;407;403;2.7;0.0;0.0;0.0;1.0;0.0;0.0;0.0;0.0;0.0;0.0;0.0;0.0;0.0;0.0;0.0962962962962963;0.12222222222222222;0.4222222222222222;0.3592592592592593;0.5024691358024691;0.49753086419753084;0.0;0.0;1.0;0.0;0.0:BMS
100;295;0;0;0;295;0;0;0;0;0;0;0;0;0;0;33;35;118;109;441;444;2.95;0.0;0.0;0.0;1.0;0.0;0.0;0.0;0.0;0.0;0.0;0.0;0.0;0.0;0.0;0.11186440677966102;0.11864406779661017;0.4;0.3694915254237288;0.49830508474576274;0.5016949152542373;0.0;0.0;1.0;0.0;0.0:BMS
100;299;0;0;0;299;0;0;0;0;0;0;0;0;0;0;48;38;96;117;444;453;2.99;0.0;0.0;0.0;1.0;0.0;0.0;0.0;0.0;0.0;0.0;0.0;0.0;0.0;0.0;0.1605351170568562;0.12709030100334448;0.3210702341137124;0.391304347826087;0.49498327759197325;0.5050167224080268;0.0;0.0;1.0;0.0;0.0:BMS
100;289;0;0;0;289;0;0;0;0;0;0;0;0;0;0;33;41;99;116;454;413;2.89;0.0;0.0;0.0;1.0;0.0;0.0;0.0;0.0;0.0;0.0;0.0;0.0;0.0;0.0;0.11418685121107267;0.14186851211072665;0.34256055363321797;0.4013840830449827;0.5236447520184544;0.47635524798154555;0.0;0.0;1.0;0.0;0.0:BMS
100;299;0;0;0;299;0;0;0;0;0;0;0;0;0;0;43;42;104;110;450;447;2.99;0.0;0.0;0.0;1.0;0.0;0.0;0.0;0.0;0.0;0.0;0.0;0.0;0.0;0.0;0.14381270903010032;0.14046822742474915;0.34782608695652173;0.36789297658862874;0.5016722408026756;0.4983277591973244;0.0;0.0;1.0;0.0;0.0:BMS
100;293;0;0;0;293;0;0;0;0;0;0;0;0;0;0;42;32;114;105;420;459;2.93;0.0;0.0;0.0;1.0;0.0;0.0;0.0;0.0;0.0;0.0;0.0;0.0;0.0;0.0;0.14334470989761092;0.10921501706484642;0.3890784982935154;0.3583617747440273;0.4778156996587031;0.5221843003412969;0.0;0.0;1.0;0.0;0.0:BMS
100;296;0;0;0;296;0;0;0;0;0;0;0;0;0;0;28;30;120;118;446;442;2.96;0.0;0.0;0.0;1.0;0.0;0.0;0.0;0.0;0.0;0.0;0.0;0.0;0.0;0.0;0.0945945945945946;0.10135135135135136;0.40540540540540543;0.39864864864864863;0.5022522522522522;0.49774774774774777;0.0;0.0;1.0;0.0;0.0:BMS
100;292;0;0;0;292;0;0;0;0;0;0;0;0;0;0;38;37;100;117;445;431;2.92;0.0;0.0;0.0;1.0;0.0;0.0;0.0;0.0;0.0;0.0;0.0;0.0;0.0;0.0;0.13013698630136986;0.1267123287671233;0.3424657534246575;0.4006849315068493;0.5079908675799086;0.4920091324200913;0.0;0.0;1.0;0.0;0.0:BMS
100;292;0;0;0;292;0;0;0;0;0;0;0;0;0;0;41;35;112;104;425;451;2.92;0.0;0.0;0.0;1.0;0.0;0.0;0.0;0.0;0.0;0.0;0.0;0.0;0.0;0.0;0.1404109589041096;0.11986301369863013;0.3835616438356164;0.3561643835616438;0.4851598173515982;0.5148401826484018;0.0;0.0;1.0;0.0;0.0:BMS
100;284;0;0;0;284;0;0;0;0;0;0;0;0;0;0;31;34;110;109;430;422;2.84;0.0;0.0;0.0;1.0;0.0;0.0;0.0;0.0;0.0;0.0;0.0;0.0;0.0;0.0;0.10915492957746478;0.11971830985915492;0.3873239436619718;0.38380281690140844;0.5046948356807511;0.4953051643192488;0.0;0.0;1.0;0.0;0.0:BMS
100;285;0;0;0;285;0;0;0;0;0;0;0;0;0;0;36;36;99;114;435;420;2.85;0.0;0.0;0.0;1.0;0.0;0.0;0.0;0.0;0.0;0.0;0.0;0.0;0.0;0.0;0.12631578947368421;0.12631578947368421;0.3473684210526316;0.4;0.5087719298245614;0.49122807017543857;0.0;0.0;1.0;0.0;0.0:BMS
100;291;0;0;0;291;0;0;0;0;0;0;0;0;0;0;33;33;117;108;432;441;2.91;0.0;0.0;0.0;1.0;0.0;0.0;0.0;0.0;0.0;0.0;0.0;0.0;0.0;0.0;0.1134020618556701;0.1134020618556701;0.4020618556701031;0.3711340206185567;0.4948453608247423;0.5051546391752577;0.0;0.0;1.0;0.0;0.0:BMS
100;296;0;0;0;296;0;0;0;0;0;0;0;0;0;0;36;33;105;122;448;440;2.96;0.0;0.0;0.0;1.0;0.0;0.0;0.0;0.0;0.0;0.0;0.0;0.0;0.0;0.0;0.12162162162162163;0.11148648648648649;0.3547297297297297;0.41216216216216217;0.5045045045045045;0.4954954954954955;0.0;0.0;1.0;0.0;0.0:BMS
100;279;0;0;0;279;0;0;0;0;0;0;0;0;0;0;29;31;110;109;421;416;2.79;0.0;0.0;0.0;1.0;0.0;0.0;0.0;0.0;0.0;0.0;0.0;0.0;0.0;0.0;0.1039426523297491;0.1111111111111111;0.3942652329749104;0.3906810035842294;0.5029868578255675;0.4970131421744325;0.0;0.0;1.0;0.0;0.0:BMS
100;286;0;0;0;286;0;0;0;0;0;0;0;0;0;0;36;34;113;103;421;437;2.86;0.0;0.0;0.0;1.0;0.0;0.0;0.0;0.0;0.0;0.0;0.0;0.0;0.0;0.0;0.1258741258741259;0.11888111888111888;0.3951048951048951;0.36013986013986016;0.49067599067599066;0.5093240093240093;0.0;0.0;1.0;0.0;0.0:BMS
100;281;0;0;0;281;0;0;0;0;0;0;0;0;0;0;38;28;96;119;418;425;2.81;0.0;0.0;0.0;1.0;0.0;0.0;0.0;0.0;0.0;0.0;0.0;0.0;0.0;0.0;0.13523131672597866;0.099644128113879;0.3416370106761566;0.4234875444839858;0.4958481613285884;0.5041518386714117;0.0;0.0;1.0;0.0;0.0:BMS
100;282;0;0;0;282;0;0;0;0;0;0;0;0;0;0;36;38;111;97;419;427;2.82;0.0;0.0;0.0;1.0;0.0;0.0;0.0;0.0;0.0;0.0;0.0;0.0;0.0;0.0;0.1276595744680851;0.1347517730496454;0.39361702127659576;0.34397163120567376;0.49527186761229314;0.5047281323877069;0.0;0.0;1.0;0.0;0.0:BMS
100;290;0;0;0;290;0;0;0;0;0;0;0;0;0;0;34;38;110;108;440;430;2.9;0.0;0.0;0.0;1.0;0.0;0.0;0.0;0.0;0.0;0.0;0.0;0.0;0.0;0.0;0.11724137931034483;0.1310344827586207;0.3793103448275862;0.3724137931034483;0.5057471264367817;0.4942528735632184;0.0;0.0;1.0;0.0;0.0:BMS
100;292;0;0;0;292;0;0;0;0;0;0;0;0;0;0;32;38;114;108;444;432;2.92;0.0;0.0;0.0;1.0;0.0;0.0;0.0;0.0;0.0;0.0;0.0;0.0;0.0;0.0;0.1095890410958904;0.13013698630136986;0.3904109589041096;0.3698630136986301;0.5068493150684932;0.4931506849315068;0.0;0.0;1.0;0.0;0.0:BMS
100;286;0;0;0;286;0;0;0;0;0;0;0;0;0;0;36;24;101;125;423;435;2.86;0.0;0.0;0.0;1.0;0.0;0.0;0.0;0.0;0.0;0.0;0.0;0.0;0.0;0.0;0.1258741258741259;0.08391608391608392;0.3531468531468531;0.4370629370629371;0.493006993006993;0.506993006993007;0.0;0.0;1.0;0.0;0.0:BMS
100;288;0;0;0;288;0;0;0;0;0;0;0;0;0;0;39;30;114;105;414;450;2.88;0.0;0.0;0.0;1.0;0.0;0.0;0.0;0.0;0.0;0.0;0.0;0.0;0.0;0.0;0.13541666666666666;0.10416666666666667;0.3958333333333333;0.3645833333333333;0.4791666666666667;0.5208333333333334;0.0;0.0;1.0;0.0;0.0:BMS