100;403;0;0;0;403;0;0;0;0;0;0;0;0;0;0;51;48;150;154;602;607;4.03;0.0;0.0;0.0;1.0;0.0;0.0;0.0;0.0;0.0;0.0;0.0;0.0;0.0;0.0;0.12655086848635236;0.11910669975186104;0.37220843672456577;0.38213399503722084;0.49793217535153017;0.5020678246484698;0.0;1.0;1.0;0.0;0.0:CBS
100;403;0;0;0;403;0;0;0;0;0;0;0;0;0;0;43;60;158;142;622;587;4.03;0.0;0.0;0.0;1.0;0.0;0.0;0.0;0.0;0.0;0.0;0.0;0.0;0.0;0.0;0.10669975186104218;0.1488833746898263;0.3920595533498759;0.3523573200992556;0.5144747725392886;0.4855252274607113;0.0;1.0;1.0;0.0;0.0:CBS
100;403;0;0;0;403;0;0;0;0;0;0;0;0;0;0;50;51;146;156;611;598;4.03;0.0;0.0;0.0;1.0;0.0;0.0;0.0;0.0;0.0;0.0;0.0;0.0;0.0;0.0;0.12406947890818859;0.12655086848635236;0.36228287841191065;0.3870967741935484;0.5053763440860215;0.4946236559139785;0.0;1.0;1.0;0.0;0.0:CBS
100;403;0;0;0;403;0;0;0;0;0;0;0;0;0;0;44;52;159;148;611;598;4.03;0.0;0.0;0.0;1.0;0.0;0.0;0.0;0.0;0.0;0.0;0.0;0.0;0.0;0.0;0.10918114143920596;0.12903225806451613;0.3945409429280397;0.36724565756823824;0.5053763440860215;0.4946236559139785;0.0;1.0;1.0;0.0;0.0:CBS
100;403;0;0;0;403;0;0;0;0;0;0;0;0;0;0;59;47;156;141;579;630;4.03;0.0;0.0;0.0;1.0;0.0;0.0;0.0;0.0;0.0;0.0;0.0;0.0;0.0;0.0;0.14640198511166252;0.11662531017369727;0.3870967741935484;0.34987593052109184;0.47890818858560796;0.5210918114143921;0.0;1.0;1.0;0.0;0.0:CBS
100;403;0;0;0;403;0;0;0;0;0;0;0;0;0;0;41;49;143;170;630;579;4.03;0.0;0.0;0.0;1.0;0.0;0.0;0.0;0.0;0.0;0.0;0.0;0.0;0.0;0.0;0.10173697270471464;0.12158808933002481;0.3548387096774194;0.4218362282878412;0.5210918114143921;0.47890818858560796;0.0;1.0;1.0;0.0;0.0:CBS
100;403;0;0;0;403;0;0;0;0;0;0;0;0;0;0;57;63;137;146;618;591;4.03;0.0;0.0;0.0;1.0;0.0;0.0;0.0;0.0;0.0;0.0;0.0;0.0;0.0;0.0;0.141439205955335;0.15632754342431762;0.3399503722084367;0.36228287841191065;0.511166253101737;0.48883374689826303;0.0;1.0;1.0;0.0;0.0:CBS
100;403;0;0;0;403;0;0;0;0;0;0;0;0;0;0;41;53;154;155;623;586;4.03;0.0;0.0;0.0;1.0;0.0;0.0;0.0;0.0;0.0;0.0;0.0;0.0;0.0;0.0;0.10173697270471464;0.1315136476426799;0.38213399503722084;0.38461538461538464;0.5153019023986766;0.48469809760132343;0.0;1.0;1.0;0.0;0.0:CBS
100;403;0;0;0;403;0;0;0;0;0;0;0;0;0;0;44;48;156;155;610;599;4.03;0.0;0.0;0.0;1.0;0.0;0.0;0.0;0.0;0.0;0.0;0.0;0.0;0.0;0.0;0.10918114143920596;0.11910669975186104;0.3870967741935484;0.38461538461538464;0.5045492142266336;0.49545078577336643;0.0;1.0;1.0;0.0;0.0:CBS
100;403;0;0;0;403;0;0;0;0;0;0;0;0;0;0;54;48;151;150;595;614;4.03;0.0;0.0;0.0;1.0;0.0;0.0;0.0;0.0;0.0;0.0;0.0;0.0;0.0;0.0;0.13399503722084366;0.11910669975186104;0.3746898263027295;0.37220843672456577;0.4921422663358147;0.5078577336641853;0.0;1.0;1.0;0.0;0.0:CBS
100;403;0;0;0;403;0;0;0;0;0;0;0;0;0;0;43;49;154;157;615;594;4.03;0.0;0.0;0.0;1.0;0.0;0.0;0.0;0.0;0.0;0.0;0.0;0.0;0.0;0.0;0.10669975186104218;0.12158808933002481;0.38213399503722084;0.38957816377171217;0.5086848635235732;0.4913151364764268;0.0;1.0;1.0;0.0;0.0:CBS
100;403;0;0;0;403;0;0;0;0;0;0;0;0;0;0;48;47;150;158;607;602;4.03;0.0;0.0;0.0;1.0;0.0;0.0;0.0;0.0;0.0;0.0;0.0;0.0;0.0;0.0;0.11910669975186104;0.11662531017369727;0.37220843672456577;0.3920595533498759;0.5020678246484698;0.49793217535153017;0.0;1.0;1.0;0.0;0.0:CBS
100;403;0;0;0;403;0;0;0;0;0;0;0;0;0;0;54;47;152;150;593;616;4.03;0.0;0.0;0.0;1.0;0.0;0.0;0.0;0.0;0.0;0.0;0.0;0.0;0.0;0.0;0.13399503722084366;0.11662531017369727;0.3771712158808933;0.37220843672456577;0.4904880066170389;0.5095119933829612;0.0;1.0;1.0;0.0;0.0:CBS
100;403;0;0;0;403;0;0;0;0;0;0;0;0;0;0;48;57;146;152;621;588;4.03;0.0;0.0;0.0;1.0;0.0;0.0;0.0;0.0;0.0;0.0;0.0;0.0;0.0;0.0;0.11910669975186104;0.141439205955335;0.36228287841191065;0.3771712158808933;0.5136476426799007;0.48635235732009924;0.0;1.0;1.0;0.0;0.0:CBS
100;403;0;0;0;403;0;0;0;0;0;0;0;0;0;0;54;57;133;159;622;587;4.03;0.0;0.0;0.0;1.0;0.0;0.0;0.0;0.0;0.0;0.0;0.0;0.0;0.0;0.0;0.13399503722084366;0.141439205955335;0.33002481389578164;0.3945409429280397;0.5144747725392886;0.4855252274607113;0.0;1.0;1.0;0.0;0.0:CBS
100;403;0;0;0;403;0;0;0;0;0;0;0;0;0;0;49;59;151;144;616;593;4.03;0.0;0.0;0.0;1.0;0.0;0.0;0.0;0.0;0.0;0.0;0.0;0.0;0.0;0.0;0.12158808933002481;0.14640198511166252;0.3746898263027295;0.3573200992555831;0.5095119933829612;0.4904880066170389;0.0;1.0;1.0;0.0;0.0:CBS
100;403;0;0;0;403;0;0;0;0;0;0;0;0;0;0;47;52;161;143;603;606;4.03;0.0;0.0;0.0;1.0;0.0;0.0;0.0;0.0;0.0;0.0;0.0;0.0;0.0;0.0;0.11662531017369727;0.12903225806451613;0.39950372208436724;0.3548387096774194;0.4987593052109181;0.5012406947890818;0.0;1.0;1.0;0.0;0.0:CBS
100;403;0;0;0;403;0;0;0;0;0;0;0;0;0;0;41;56;150;156;630;579;4.03;0.0;0.0;0.0;1.0;0.0;0.0;0.0;0.0;0.0;0.0;0.0;0.0;0.0;0.0;0.10173697270471464;0.13895781637717122;0.37220843672456577;0.3870967741935484;0.5210918114143921;0.47890818858560796;0.0;1.0;1.0;0.0;0.0:CBS
100;403;0;0;0;403;0;0;0;0;0;0;0;0;0;0;46;49;144;164;619;590;4.03;0.0;0.0;0.0;1.0;0.0;0.0;0.0;0.0;0.0;0.0;0.0;0.0;0.0;0.0;0.1141439205955335;0.12158808933002481;0.3573200992555831;0.40694789081885857;0.5119933829611248;0.4880066170388751;0.0;1.0;1.0;0.0;0.0:CBS
100;403;0;0;0;403;0;0;0;0;0;0;0;0;0;0;41;55;159;148;620;589;4.03;0.0;0.0;0.0;1.0;0.0;0.0;0.0;0.0;0.0;0.0;0.0;0.0;0.0;0.0;0.10173697270471464;0.13647642679900746;0.3945409429280397;0.36724565756823824;0.5128205128205128;0.48717948717948717;0.0;1.0;1.0;0.0;0.0:CBS
100;403;0;0;0;403;0;0;0;0;0;0;0;0;0;0;54;45;152;152;591;618;4.03;0.0;0.0;0.0;1.0;0.0;0.0;0.0;0.0;0.0;0.0;0.0;0.0;0.0;0.0;0.13399503722084366;0.11166253101736973;0.3771712158808933;0.3771712158808933;0.48883374689826303;0.511166253101737;0.0;1.0;1.0;0.0;0.0:CBS
100;403;0;0;0;403;0;0;0;0;0;0;0;0;0;0;40;51;166;146;611;598;4.03;0.0;0.0;0.0;1.0;0.0;0.0;0.0;0.0;0.0;0.0;0.0;0.0;0.0;0.0;0.09925558312655088;0.12655086848635236;0.4119106699751861;0.36228287841191065;0.5053763440860215;0.4946236559139785;0.0;1.0;1.0;0.0;0.0:CBS
100;403;0;0;0;403;0;0;0;0;0;0;0;0;0;0;51;49;157;146;596;613;4.03;0.0;0.0;0.0;1.0;0.0;0.0;0.0;0.0;0.0;0.0;0.0;0.0;0.0;0.0;0.12655086848635236;0.12158808933002481;0.38957816377171217;0.36228287841191065;0.49296939619520264;0.5070306038047974;0.0;1.0;1.0;0.0;0.0:CBS
100;403;0;0;0;403;0;0;0;0;0;0;0;0;0;0;44;53;133;173;638;571;4.03;0.0;0.0;0.0;1.0;0.0;0.0;0.0;0.0;0.0;0.0;0.0;0.0;0.0;0.0;0.10918114143920596;0.1315136476426799;0.33002481389578164;0.4292803970223325;0.5277088502894954;0.47229114971050457;0.0;1.0;1.0;0.0;0.0:CBS
100;403;0;0;0;403;0;0;0;0;0;0;0;0;0;0;46;54;137;166;631;578;4.03;0.0;0.0;0.0;1.0;0.0;0.0;0.0;0.0;0.0;0.0;0.0;0.0;0.0;0.0;0.1141439205955335;0.13399503722084366;0.3399503722084367;0.4119106699751861;0.52191894127378;0.47808105872622003;0.0;1.0;1.0;0.0;0.0:CBS
100;403;0;0;0;403;0;0;0;0;0;0;0;0;0;0;42;50;152;159;620;589;4.03;0.0;0.0;0.0;1.0;0.0;0.0;0.0;0.0;0.0;0.0;0.0;0.0;0.0;0.0;0.10421836228287841;0.12406947890818859;0.3771712158808933;0.3945409429280397;0.5128205128205128;0.48717948717948717;0.0;1.0;1.0;0.0;0.0:CBS
100;403;0;0;0;403;0;0;0;0;0;0;0;0;0;0;50;45;141;167;610;599;4.03;0.0;0.0;0.0;1.0;0.0;0.0;0.0;0.0;0.0;0.0;0.0;0.0;0.0;0.0;0.12406947890818859;0.11166253101736973;0.34987593052109184;0.4143920595533499;0.5045492142266336;0.49545078577336643;0.0;1.0;1.0;0.0;0.0:CBS
100;403;0;0;0;403;0;0;0;0;0;0;0;0;0;0;54;61;144;144;615;594;4.03;0.0;0.0;0.0;1.0;0.0;0.0;0.0;0.0;0.0;0.0;0.0;0.0;0.0;0.0;0.13399503722084366;0.1513647642679901;0.3573200992555831;0.3573200992555831;0.5086848635235732;0.4913151364764268;0.0;1.0;1.0;0.0;0.0:CBS
100;403;0;0;0;403;0;0;0;0;0;0;0;0;0;0;41;46;156;160;614;595;4.03;0.0;0.0;0.0;1.0;0.0;0.0;0.0;0.0;0.0;0.0;0.0;0.0;0.0;0.0;0.10173697270471464;0.1141439205955335;0.3870967741935484;0.3970223325062035;0.5078577336641853;0.4921422663358147;0.0;1.0;1.0;0.0;0.0:CBS
100;403;0;0;0;403;0;0;0;0;0;0;0;0;0;0;51;47;158;147;593;616;4.03;0.0;0.0;0.0;1.0;0.0;0.0;0.0;0.0;0.0;0.0;0.0;0.0;0.0;0.0;0.12655086848635236;0.11662531017369727;0.3920595533498759;0.36476426799007444;0.4904880066170389;0.5095119933829612;0.0;1.0;1.0;0.0;0.0:CBS
100;403;0;0;0;403;0;0;0;0;0;0;0;0;0;0;51;52;156;144;600;609;4.03;0.0;0.0;0.0;1.0;0.0;0.0;0.0;0.0;0.0;0.0;0.0;0.0;0.0;0.0;0.12655086848635236;0.12903225806451613;0.3870967741935484;0.3573200992555831;0.49627791563275436;0.5037220843672456;0.0;1.0;1.0;0.0;0.0:CBS
100;403;0;0;0;403;0;0;0;0;0;0;0;0;0;0;65;47;150;141;573;636;4.03;0.0;0.0;0.0;1.0;0.0;0.0;0.0;0.0;0.0;0.0;0.0;0.0;0.0;0.0;0.16129032258064516;0.11662531017369727;0.37220843672456577;0.34987593052109184;0.4739454094292804;0.5260545905707196;0.0;1.0;1.0;0.0;0.0:CBS
100;403;0;0;0;403;0;0;0;0;0;0;0;0;0;0;44;48;156;155;610;599;4.03;0.0;0.0;0.0;1.0;0.0;0.0;0.0;0.0;0.0;0.0;0.0;0.0;0.0;0.0;0.10918114143920596;0.11910669975186104;0.3870967741935484;0.38461538461538464;0.5045492142266336;0.49545078577336643;0.0;1.0;1.0;0.0;0.0:CBS
100;403;0;0;0;403;0;0;0;0;0;0;0;0;0;0;47;62;137;157;637;572;4.03;0.0;0.0;0.0;1.0;0.0;0.0;0.0;0.0;0.0;0.0;0.0;0.0;0.0;0.0;0.11662531017369727;0.15384615384615385;0.3399503722084367;0.38957816377171217;0.5268817204301075;0.4731182795698925;0.0;1.0;1.0;0.0;0.0:CBS
100;403;0;0;0;403;0;0;0;0;0;0;0;0;0;0;39;55;154;155;629;580;4.03;0.0;0.0;0.0;1.0;0.0;0.0;0.0;0.0;0.0;0.0;0.0;0.0;0.0;0.0;0.0967741935483871;0.13647642679900746;0.38213399503722084;0.38461538461538464;0.5202646815550042;0.47973531844499584;0.0;1.0;1.0;0.0;0.0:CBS
100;403;0;0;0;403;0;0;0;0;0;0;0;0;0;0;47;43;150;163;605;604;4.03;0.0;0.0;0.0;1.0;0.0;0.0;0.0;0.0;0.0;0.0;0.0;0.0;0.0;0.0;0.11662531017369727;0.10669975186104218;0.37220843672456577;0.4044665012406948;0.5004135649296939;0.49958643507030603;0.0;1.0;1.0;0.0;0.0:CBS
100;403;0;0;0;403;0;0;0;0;0;0;0;0;0;0;54;54;148;147;604;605;4.03;0.0;0.0;0.0;1.0;0.0;0.0;0.0;0.0;0.0;0.0;0.0;0.0;0.0;0.0;0.13399503722084366;0.13399503722084366;0.36724565756823824;0.36476426799007444;0.49958643507030603;0.5004135649296939;0.0;1.0;1.0;0.0;0.0:CBS
100;403;0;0;0;403;0;0;0;0;0;0;0;0;0;0;51;46;150;156;600;609;4.03;0.0;0.0;0.0;1.0;0.0;0.0;0.0;0.0;0.0;0.0;0.0;0.0;0.0;0.0;0.12655086848635236;0.1141439205955335;0.37220843672456577;0.3870967741935484;0.49627791563275436;0.5037220843672456;0.0;1.0;1.0;0.0;0.0:CBS
100;403;0;0;0;403;0;0;0;0;0;0;0;0;0;0;49;50;151;153;607;602;4.03;0.0;0.0;0.0;1.0;0.0;0.0;0.0;0.0;0.0;0.0;0.0;0.0;0.0;0.0;0.12158808933002481;0.12406947890818859;0.3746898263027295;0.37965260545905705;0.5020678246484698;0.49793217535153017;0.0;1.0;1.0;0.0;0.0:CBS
100;403;0;0;0;403;0;0;0;0;0;0;0;0;0;0;47;51;156;149;607;602;4.03;0.0;0.0;0.0;1.0;0.0;0.0;0.0;0.0;0.0;0.0;0.0;0.0;0.0;0.0;0.11662531017369727;0.12655086848635236;0.3870967741935484;0.369727047146402;0.5020678246484698;0.49793217535153017;0.0;1.0;1.0;0.0;0.0:CBS
100;403;0;0;0;403;0;0;0;0;0;0;0;0;0;0;50;48;164;141;590;619;4.03;0.0;0.0;0.0;1.0;0.0;0.0;0.0;0.0;0.0;0.0;0.0;0.0;0.0;0.0;0.12406947890818859;0.11910669975186104;0.40694789081885857;0.34987593052109184;0.4880066170388751;0.5119933829611248;0.0;1.0;1.0;0.0;0.0:CBS
100;403;0;0;0;403;0;0;0;0;0;0;0;0;0;0;40;50;157;156;619;590;4.03;0.0;0.0;0.0;1.0;0.0;0.0;0.0;0.0;0.0;0.0;0.0;0.0;0.0;0.0;0.09925558312655088;0.12406947890818859;0.38957816377171217;0.3870967741935484;0.5119933829611248;0.4880066170388751;0.0;1.0;1.0;0.0;0.0:CBS
100;403;0;0;0;403;0;0;0;0;0;0;0;0;0;0;48;51;157;147;604;605;4.03;0.0;0.0;0.0;1.0;0.0;0.0;0.0;0.0;0.0;0.0;0.0;0.0;0.0;0.0;0.11910669975186104;0.12655086848635236;0.38957816377171217;0.36476426799007444;0.49958643507030603;0.5004135649296939;0.0;1.0;1.0;0.0;0.0:CBS
100;403;0;0;0;403;0;0;0;0;0;0;0;0;0;0;53;58;149;143;609;600;4.03;0.0;0.0;0.0;1.0;0.0;0.0;0.0;0.0;0.0;0.0;0.0;0.0;0.0;0.0;0.1315136476426799;0.14392059553349876;0.369727047146402;0.3548387096774194;0.5037220843672456;0.49627791563275436;0.0;1.0;1.0;0.0;0.0:CBS
100;403;0;0;0;403;0;0;0;0;0;0;0;0;0;0;68;55;133;147;592;617;4.03;0.0;0.0;0.0;1.0;0.0;0.0;0.0;0.0;0.0;0.0;0.0;0.0;0.0;0.0;0.1687344913151365;0.13647642679900746;0.33002481389578164;0.36476426799007444;0.48966087675765096;0.5103391232423491;0.0;1.0;1.0;0.0;0.0:CBS
100;403;0;0;0;403;0;0;0;0;0;0;0;0;0;0;49;53;139;162;622;587;4.03;0.0;0.0;0.0;1.0;0.0;0.0;0.0;0.0;0.0;0.0;0.0;0.0;0.0;0.0;0.12158808933002481;0.1315136476426799;0.34491315136476425;0.40198511166253104;0.5144747725392886;0.4855252274607113;0.0;1.0;1.0;0.0;0.0:CBS
100;403;0;0;0;403;0;0;0;0;0;0;0;0;0;0;50;54;152;147;608;601;4.03;0.0;0.0;0.0;1.0;0.0;0.0;0.0;0.0;0.0;0.0;0.0;0.0;0.0;0.0;0.12406947890818859;0.13399503722084366;0.3771712158808933;0.36476426799007444;0.5028949545078577;0.49710504549214224;0.0;1.0;1.0;0.0;0.0:CBS
100;403;0;0;0;403;0;0;0;0;0;0;0;0;0;0;43;56;151;153;625;584;4.03;0.0;0.0;0.0;1.0;0.0;0.0;0.0;0.0;0.0;0.0;0.0;0.0;0.0;0.0;0.10669975186104218;0.13895781637717122;0.3746898263027295;0.37965260545905705;0.5169561621174524;0.48304383788254757;0.0;1.0;1.0;0.0;0.0:CBS
100;403;0;0;0;403;0;0;0;0;0;0;0;0;0;0;51;42;171;139;575;634;4.03;0.0;0.0;0.0;1.0;0.0;0.0;0.0;0.0;0.0;0.0;0.0;0.0;0.0;0.0;0.12655086848635236;0.10421836228287841;0.42431761786600497;0.34491315136476425;0.47559966914805624;0.5244003308519437;0.0;1.0;1.0;0.0;0.0:CBS
100;403;0;0;0;403;0;0;0;0;0;0;0;0;0;0;45;47;159;152;604;605;4.03;0.0;0.0;0.0;1.0;0.0;0.0;0.0;0.0;0.0;0.0;0.0;0.0;0.0;0.0;0.11166253101736973;0.11662531017369727;0.3945409429280397;0.3771712158808933;0.49958643507030603;0.5004135649296939;0.0;1.0;1.0;0.0;0.0:CBS
100;403;0;0;0;403;0;0;0;0;0;0;0;0;0;0;45;44;162;152;598;611;4.03;0.0;0.0;0.0;1.0;0.0;0.0;0.0;0.0;0.0;0.0;0.0;0.0;0.0;0.0;0.11166253101736973;0.10918114143920596;0.40198511166253104;0.3771712158808933;0.4946236559139785;0.5053763440860215;0.0;1.0;1.0;0.0;0.0:CBS
100;403;0;0;0;403;0;0;0;0;0;0;0;0;0;0;45;50;159;149;607;602;4.03;0.0;0.0;0.0;1.0;0.0;0.0;0.0;0.0;0.0;0.0;0.0;0.0;0.0;0.0;0.11166253101736973;0.12406947890818859;0.3945409429280397;0.369727047146402;0.5020678246484698;0.49793217535153017;0.0;1.0;1.0;0.0;0.0:CBS
100;403;0;0;0;403;0;0;0;0;0;0;0;0;0;0;47;48;166;142;594;615;4.03;0.0;0.0;0.0;1.0;0.0;0.0;0.0;0.0;0.0;0.0;0.0;0.0;0.0;0.0;0.11662531017369727;0.11910669975186104;0.4119106699751861;0.3523573200992556;0.4913151364764268;0.5086848635235732;0.0;1.0;1.0;0.0;0.0:CBS
100;403;0;0;0;403;0;0;0;0;0;0;0;0;0;0;36;60;159;148;635;574;4.03;0.0;0.0;0.0;1.0;0.0;0.0;0.0;0.0;0.0;0.0;0.0;0.0;0.0;0.0;0.08933002481389578;0.1488833746898263;0.3945409429280397;0.36724565756823824;0.5252274607113316;0.4747725392886683;0.0;1.0;1.0;0.0;0.0:CBS
100;403;0;0;0;403;0;0;0;0;0;0;0;0;0;0;52;43;162;146;583;626;4.03;0.0;0.0;0.0;1.0;0.0;0.0;0.0;0.0;0.0;0.0;0.0;0.0;0.0;0.0;0.12903225806451613;0.10669975186104218;0.40198511166253104;0.36228287841191065;0.48221670802315963;0.5177832919768404;0.0;1.0;1.0;0.0;0.0:CBS
100;403;0;0;0;403;0;0;0;0;0;0;0;0;0;0;60;45;149;149;582;627;4.03;0.0;0.0;0.0;1.0;0.0;0.0;0.0;0.0;0.0;0.0;0.0;0.0;0.0;0.0;0.1488833746898263;0.11166253101736973;0.369727047146402;0.369727047146402;0.4813895781637717;0.5186104218362283;0.0;1.0;1.0;0.0;0.0:CBS
100;403;0;0;0;403;0;0;0;0;0;0;0;0;0;0;44;44;166;149;596;613;4.03;0.0;0.0;0.0;1.0;0.0;0.0;0.0;0.0;0.0;0.0;0.0;0.0;0.0;0.0;0.10918114143920596;0.10918114143920596;0.4119106699751861;0.369727047146402;0.49296939619520264;0.5070306038047974;0.0;1.0;1.0;0.0;0.0:CBS
100;403;0;0;0;403;0;0;0;0;0;0;0;0;0;0;51;52;144;156;612;597;4.03;0.0;0.0;0.0;1.0;0.0;0.0;0.0;0.0;0.0;0.0;0.0;0.0;0.0;0.0;0.12655086848635236;0.12903225806451613;0.3573200992555831;0.3870967741935484;0.5062034739454094;0.49379652605459057;0.0;1.0;1.0;0.0;0.0:CBS
100;403;0;0;0;403;0;0;0;0;0;0;0;0;0;0;46;47;162;148;599;610;4.03;0.0;0.0;0.0;1.0;0.0;0.0;0.0;0.0;0.0;0.0;0.0;0.0;0.0;0.0;0.1141439205955335;0.11662531017369727;0.40198511166253104;0.36724565756823824;0.49545078577336643;0.5045492142266336;0.0;1.0;1.0;0.0;0.0:CBS
100;403;0;0;0;403;0;0;0;0;0;0;0;0;0;0;46;46;151;160;609;600;4.03;0.0;0.0;0.0;1.0;0.0;0.0;0.0;0.0;0.0;0.0;0.0;0.0;0.0;0.0;0.1141439205955335;0.1141439205955335;0.3746898263027295;0.3970223325062035;0.5037220843672456;0.49627791563275436;0.0;1.0;1.0;0.0;0.0:CBS
100;403;0;0;0;403;0;0;0;0;0;0;0;0;0;0;48;61;144;150;627;582;4.03;0.0;0.0;0.0;1.0;0.0;0.0;0.0;0.0;0.0;0.0;0.0;0.0;0.0;0.0;0.11910669975186104;0.1513647642679901;0.3573200992555831;0.37220843672456577;0.5186104218362283;0.4813895781637717;0.0;1.0;1.0;0.0;0.0:CBS
100;403;0;0;0;403;0;0;0;0;0;0;0;0;0;0;54;50;148;151;600;609;4.03;0.0;0.0;0.0;1.0;0.0;0.0;0.0;0.0;0.0;0.0;0.0;0.0;0.0;0.0;0.13399503722084366;0.12406947890818859;0.36724565756823824;0.3746898263027295;0.49627791563275436;0.5037220843672456;0.0;1.0;1.0;0.0;0.0:CBS
100;403;0;0;0;403;0;0;0;0;0;0;0;0;0;0;60;47;148;148;585;624;4.03;0.0;0.0;0.0;1.0;0.0;0.0;0.0;0.0;0.0;0.0;0.0;0.0;0.0;0.0;0.1488833746898263;0.11662531017369727;0.36724565756823824;0.36724565756823824;0.4838709677419355;0.5161290322580645;0.0;1.0;1.0;0.0;0.0:CBS
100;403;0;0;0;403;0;0;0;0;0;0;0;0;0;0;46;55;139;163;630;579;4.03;0.0;0.0;0.0;1.0;0.0;0.0;0.0;0.0;0.0;0.0;0.0;0.0;0.0;0.0;0.1141439205955335;0.13647642679900746;0.34491315136476425;0.4044665012406948;0.5210918114143921;0.47890818858560796;0.0;1.0;1.0;0.0;0.0:CBS
100;403;0;0;0;403;0;0;0;0;0;0;0;0;0;0;51;46;155;151;595;614;4.03;0.0;0.0;0.0;1.0;0.0;0.0;0.0;0.0;0.0;0.0;0.0;0.0;0.0;0.0;0.12655086848635236;0.1141439205955335;0.38461538461538464;0.3746898263027295;0.4921422663358147;0.5078577336641853;0.0;1.0;1.0;0.0;0.0:CBS
100;403;0;0;0;403;0;0;0;0;0;0;0;0;0;0;49;48;171;135;585;624;4.03;0.0;0.0;0.0;1.0;0.0;0.0;0.0;0.0;0.0;0.0;0.0;0.0;0.0;0.0;0.12158808933002481;0.11910669975186104;0.42431761786600497;0.3349875930521092;0.4838709677419355;0.5161290322580645;0.0;1.0;1.0;0.0;0.0:CBS
100;403;0;0;0;403;0;0;0;0;0;0;0;0;0;0;51;47;151;154;600;609;4.03;0.0;0.0;0.0;1.0;0.0;0.0;0.0;0.0;0.0;0.0;0.0;0.0;0.0;0.0;0.12655086848635236;0.11662531017369727;0.3746898263027295;0.38213399503722084;0.49627791563275436;0.5037220843672456;0.0;1.0;1.0;0.0;0.0:CBS
100;403;0;0;0;403;0;0;0;0;0;0;0;0;0;0;45;43;150;165;609;600;4.03;0.0;0.0;0.0;1.0;0.0;0.0;0.0;0.0;0.0;0.0;0.0;0.0;0.0;0.0;0.11166253101736973;0.10669975186104218;0.37220843672456577;0.4094292803970223;0.5037220843672456;0.49627791563275436;0.0;1.0;1.0;0.0;0.0:CBS
100;403;0;0;0;403;0;0;0;0;0;0;0;0;0;0;54;53;160;136;591;618;4.03;0.0;0.0;0.0;1.0;0.0;0.0;0.0;0.0;0.0;0.0;0.0;0.0;0.0;0.0;0.13399503722084366;0.1315136476426799;0.3970223325062035;0.337468982630273;0.48883374689826303;0.511166253101737;0.0;1.0;1.0;0.0;0.0:CBS
100;403;0;0;0;403;0;0;0;0;0;0;0;0;0;0;41;50;149;163;625;584;4.03;0.0;0.0;0.0;1.0;0.0;0.0;0.0;0.0;0.0;0.0;0.0;0.0;0.0;0.0;0.10173697270471464;0.12406947890818859;0.369727047146402;0.4044665012406948;0.5169561621174524;0.48304383788254757;0.0;1.0;1.0;0.0;0.0:CBS
100;403;0;0;0;403;0;0;0;0;0;0;0;0;0;0;51;56;145;151;615;594;4.03;0.0;0.0;0.0;1.0;0.0;0.0;0.0;0.0;0.0;0.0;0.0;0.0;0.0;0.0;0.12655086848635236;0.13895781637717122;0.3598014888337469;0.3746898263027295;0.5086848635235732;0.4913151364764268;0.0;1.0;1.0;0.0;0.0:CBS
100;403;0;0;0;403;0;0;0;0;0;0;0;0;0;0;52;42;156;153;588;621;4.03;0.0;0.0;0.0;1.0;0.0;0.0;0.0;0.0;0.0;0.0;0.0;0.0;0.0;0.0;0.12903225806451613;0.10421836228287841;0.3870967741935484;0.37965260545905705;0.48635235732009924;0.5136476426799007;0.0;1.0;1.0;0.0;0.0:CBS
100;403;0;0;0;403;0;0;0;0;0;0;0;0;0;0;57;53;137;156;608;601;4.03;0.0;0.0;0.0;1.0;0.0;0.0;0.0;0.0;0.0;0.0;0.0;0.0;0.0;0.0;0.141439205955335;0.1315136476426799;0.3399503722084367;0.3870967741935484;0.5028949545078577;0.49710504549214224;0.0;1.0;1.0;0.0;0.0:CBS
100;403;0;0;0;403;0;0;0;0;0;0;0;0;0;0;66;45;146;146;573;636;4.03;0.0;0.0;0.0;1.0;0.0;0.0;0.0;0.0;0.0;0.0;0.0;0.0;0.0;0.0;0.16377171215880892;0.11166253101736973;0.36228287841191065;0.36228287841191065;0.4739454094292804;0.5260545905707196;0.0;1.0;1.0;0.0;0.0:CBS
100;403;0;0;0;403;0;0;0;0;0;0;0;0;0;0;45;50;161;147;605;604;4.03;0.0;0.0;0.0;1.0;0.0;0.0;0.0;0.0;0.0;0.0;0.0;0.0;0.0;0.0;0.11166253101736973;0.12406947890818859;0.39950372208436724;0.36476426799007444;0.5004135649296939;0.49958643507030603;0.0;1.0;1.0;0.0;0.0:CBS
100;403;0;0;0;403;0;0;0;0;0;0;0;0;0;0;55;56;165;127;587;622;4.03;0.0;0.0;0.0;1.0;0.0;0.0;0.0;0.0;0.0;0.0;0.0;0.0;0.0;0.0;0.13647642679900746;0.13895781637717122;0.4094292803970223;0.315136476426799;0.4855252274607113;0.5144747725392886;0.0;1.0;1.0;0.0;0.0:CBS
100;403;0;0;0;403;0;0;0;0;0;0;0;0;0;0;47;57;141;158;628;581;4.03;0.0;0.0;0.0;1.0;0.0;0.0;0.0;0.0;0.0;0.0;0.0;0.0;0.0;0.0;0.11662531017369727;0.141439205955335;0.34987593052109184;0.3920595533498759;0.5194375516956162;0.48056244830438377;0.0;1.0;1.0;0.0;0.0:CBS
100;403;0;0;0;403;0;0;0;0;0;0;0;0;0;0;38;58;143;164;645;564;4.03;0.0;0.0;0.0;1.0;0.0;0.0;0.0;0.0;0.0;0.0;0.0;0.0;0.0;0.0;0.09429280397022333;0.14392059553349876;0.3548387096774194;0.40694789081885857;0.533498759305211;0.4665012406947891;0.0;1.0;1.0;0.0;0.0:CBS
100;403;0;0;0;403;0;0;0;0;0;0;0;0;0;0;56;49;138;160;605;604;4.03;0.0;0.0;0.0;1.0;0.0;0.0;0.0;0.0;0.0;0.0;0.0;0.0;0.0;0.0;0.13895781637717122;0.12158808933002481;0.3424317617866005;0.3970223325062035;0.5004135649296939;0.49958643507030603;0.0;1.0;1.0;0.0;0.0:CBS
100;403;0;0;0;403;0;0;0;0;0;0;0;0;0;0;51;34;168;150;570;639;4.03;0.0;0.0;0.0;1.0;0.0;0.0;0.0;0.0;0.0;0.0;0.0;0.0;0.0;0.0;0.12655086848635236;0.08436724565756824;0.41687344913151364;0.37220843672456577;0.47146401985111663;0.5285359801488834;0.0;1.0;1.0;0.0;0.0:CBS
100;403;0;0;0;403;0;0;0;0;0;0;0;0;0;0;41;48;173;141;599;610;4.03;0.0;0.0;0.0;1.0;0.0;0.0;0.0;0.0;0.0;0.0;0.0;0.0;0.0;0.0;0.10173697270471464;0.11910669975186104;0.4292803970223325;0.34987593052109184;0.49545078577336643;0.5045492142266336;0.0;1.0;1.0;0.0;0.0:CBS
100;403;0;0;0;403;0;0;0;0;0;0;0;0;0;0;50;48;152;153;602;607;4.03;0.0;0.0;0.0;1.0;0.0;0.0;0.0;0.0;0.0;0.0;0.0;0.0;0.0;0.0;0.12406947890818859;0.11910669975186104;0.3771712158808933;0.37965260545905705;0.49793217535153017;0.5020678246484698;0.0;1.0;1.0;0.0;0.0:CBS
100;403;0;0;0;403;0;0;0;0;0;0;0;0;0;0;48;53;157;145;606;603;4.03;0.0;0.0;0.0;1.0;0.0;0.0;0.0;0.0;0.0;0.0;0.0;0.0;0.0;0.0;0.11910669975186104;0.1315136476426799;0.38957816377171217;0.3598014888337469;0.5012406947890818;0.4987593052109181;0.0;1.0;1.0;0.0;0.0:CBS
100;403;0;0;0;403;0;0;0;0;0;0;0;0;0;0;51;57;150;145;611;598;4.03;0.0;0.0;0.0;1.0;0.0;0.0;0.0;0.0;0.0;0.0;0.0;0.0;0.0;0.0;0.12655086848635236;0.141439205955335;0.37220843672456577;0.3598014888337469;0.5053763440860215;0.4946236559139785;0.0;1.0;1.0;0.0;0.0:CBS
100;403;0;0;0;403;0;0;0;0;0;0;0;0;0;0;64;52;138;149;592;617;4.03;0.0;0.0;0.0;1.0;0.0;0.0;0.0;0.0;0.0;0.0;0.0;0.0;0.0;0.0;0.1588089330024814;0.12903225806451613;0.3424317617866005;0.369727047146402;0.48966087675765096;0.5103391232423491;0.0;1.0;1.0;0.0;0.0:CBS
100;403;0;0;0;403;0;0;0;0;0;0;0;0;0;0;53;49;155;146;594;615;4.03;0.0;0.0;0.0;1.0;0.0;0.0;0.0;0.0;0.0;0.0;0.0;0.0;0.0;0.0;0.1315136476426799;0.12158808933002481;0.38461538461538464;0.36228287841191065;0.4913151364764268;0.5086848635235732;0.0;1.0;1.0;0.0;0.0:CBS
100;403;0;0;0;403;0;0;0;0;0;0;0;0;0;0;55;51;148;149;599;610;4.03;0.0;0.0;0.0;1.0;0.0;0.0;0.0;0.0;0.0;0.0;0.0;0.0;0.0;0.0;0.13647642679900746;0.12655086848635236;0.36724565756823824;0.369727047146402;0.49545078577336643;0.5045492142266336;0.0;1.0;1.0;0.0;0.0:CBS
100;403;0;0;0;403;0;0;0;0;0;0;0;0;0;0;51;47;163;142;588;621;4.03;0.0;0.0;0.0;1.0;0.0;0.0;0.0;0.0;0.0;0.0;0.0;0.0;0.0;0.0;0.12655086848635236;0.11662531017369727;0.4044665012406948;0.3523573200992556;0.48635235732009924;0.5136476426799007;0.0;1.0;1.0;0.0;0.0:CBS
100;403;0;0;0;403;0;0;0;0;0;0;0;0;0;0;55;43;157;148;582;627;4.03;0.0;0.0;0.0;1.0;0.0;0.0;0.0;0.0;0.0;0.0;0.0;0.0;0.0;0.0;0.13647642679900746;0.10669975186104218;0.38957816377171217;0.36724565756823824;0.4813895781637717;0.5186104218362283;0.0;1.0;1.0;0.0;0.0:CBS
100;403;0;0;0;403;0;0;0;0;0;0;0;0;0;0;61;55;147;140;592;617;4.03;0.0;0.0;0.0;1.0;0.0;0.0;0.0;0.0;0.0;0.0;0.0;0.0;0.0;0.0;0.1513647642679901;0.13647642679900746;0.36476426799007444;0.34739454094292804;0.48966087675765096;0.5103391232423491;0.0;1.0;1.0;0.0;0.0:CBS
100;403;0;0;0;403;0;0;0;0;0;0;0;0;0;0;51;45;150;157;599;610;4.03;0.0;0.0;0.0;1.0;0.0;0.0;0.0;0.0;0.0;0.0;0.0;0.0;0.0;0.0;0.12655086848635236;0.11166253101736973;0.37220843672456577;0.38957816377171217;0.49545078577336643;0.5045492142266336;0.0;1.0;1.0;0.0;0.0:CBS
100;403;0;0;0;403;0;0;0;0;0;0;0;0;0;0;47;55;154;147;613;596;4.03;0.0;0.0;0.0;1.0;0.0;0.0;0.0;0.0;0.0;0.0;0.0;0.0;0.0;0.0;0.11662531017369727;0.13647642679900746;0.38213399503722084;0.36476426799007444;0.5070306038047974;0.49296939619520264;0.0;1.0;1.0;0.0;0.0:CBS
100;403;0;0;0;403;0;0;0;0;0;0;0;0;0;0;46;41;156;160;599;610;4.03;0.0;0.0;0.0;1.0;0.0;0.0;0.0;0.0;0.0;0.0;0.0;0.0;0.0;0.0;0.1141439205955335;0.10173697270471464;0.3870967741935484;0.3970223325062035;0.49545078577336643;0.5045492142266336;0.0;1.0;1.0;0.0;0.0:CBS
100;403;0;0;0;403;0;0;0;0;0;0;0;0;0;0;47;44;157;155;599;610;4.03;0.0;0.0;0.0;1.0;0.0;0.0;0.0;0.0;0.0;0.0;0.0;0.0;0.0;0.0;0.11662531017369727;0.10918114143920596;0.38957816377171217;0.38461538461538464;0.49545078577336643;0.5045492142266336;0.0;1.0;1.0;0.0;0.0:CBS
100;403;0;0;0;403;0;0;0;0;0;0;0;0;0;0;47;47;150;159;609;600;4.03;0.0;0.0;0.0;1.0;0.0;0.0;0.0;0.0;0.0;0.0;0.0;0.0;0.0;0.0;0.11662531017369727;0.11662531017369727;0.37220843672456577;0.3945409429280397;0.5037220843672456;0.49627791563275436;0.0;1.0;1.0;0.0;0.0:CBS
100;403;0;0;0;403;0;0;0;0;0;0;0;0;0;0;62;41;152;148;571;638;4.03;0.0;0.0;0.0;1.0;0.0;0.0;0.0;0.0;0.0;0.0;0.0;0.0;0.0;0.0;0.15384615384615385;0.10173697270471464;0.3771712158808933;0.36724565756823824;0.47229114971050457;0.5277088502894954;0.0;1.0;1.0;0.0;0.0:CBS
100;403;0;0;0;403;0;0;0;0;0;0;0;0;0;0;55;49;150;149;595;614;4.03;0.0;0.0;0.0;1.0;0.0;0.0;0.0;0.0;0.0;0.0;0.0;0.0;0.0;0.0;0.13647642679900746;0.12158808933002481;0.37220843672456577;0.369727047146402;0.4921422663358147;0.5078577336641853;0.0;1.0;1.0;0.0;0.0:CBS
100;403;0;0;0;403;0;0;0;0;0;0;0;0;0;0;62;49;144;148;587;622;4.03;0.0;0.0;0.0;1.0;0.0;0.0;0.0;0.0;0.0;0.0;0.0;0.0;0.0;0.0;0.15384615384615385;0.12158808933002481;0.3573200992555831;0.36724565756823824;0.4855252274607113;0.5144747725392886;0.0;1.0;1.0;0.0;0.0:CBS
100;403;0;0;0;403;0;0;0;0;0;0;0;0;0;0;56;54;153;140;595;614;4.03;0.0;0.0;0.0;1.0;0.0;0.0;0.0;0.0;0.0;0.0;0.0;0.0;0.0;0.0;0.13895781637717122;0.13399503722084366;0.37965260545905705;0.34739454094292804;0.4921422663358147;0.5078577336641853;0.0;1.0;1.0;0.0;0.0:CBS
100;403;0;0;0;403;0;0;0;0;0;0;0;0;0;0;49;50;150;154;608;601;4.03;0.0;0.0;0.0;1.0;0.0;0.0;0.0;0.0;0.0;0.0;0.0;0.0;0.0;0.0;0.12158808933002481;0.12406947890818859;0.37220843672456577;0.38213399503722084;0.5028949545078577;0.49710504549214224;0.0;1.0;1.0;0.0;0.0:CBS