2125;66272;0;0;66147;0;0;0;0;0;0;0;0;0;0;125;66147;125;0;0;2125;132294;31.186823529411765;0.0;0.0;0.9981138338966683;0.0;0.0;0.0;0.0;0.0;0.0;0.0;0.0;0.0;0.0;0.0018861661033317237;0.9981138338966683;0.0018861661033317237;0.0;0.0;0.015808777033008727;0.9841912229669912;0.0;0.0;0.0;0.0;0.0:GCP
2250;70163;0;0;70038;0;0;0;0;0;0;0;0;0;0;125;70038;125;0;0;2250;140076;31.183555555555557;0.0;0.0;0.998218434217465;0.0;0.0;0.0;0.0;0.0;0.0;0.0;0.0;0.0;0.0;0.0017815657825349543;0.998218434217465;0.0017815657825349543;0.0;0.0;0.015808777033008727;0.9841912229669912;0.0;0.0;0.0;0.0;0.0:GCP
3750;233965;0;0;233715;0;0;0;0;0;0;0;0;0;0;250;233715;250;0;0;3750;467430;62.39066666666667;0.0;0.0;0.9989314641078794;0.0;0.0;0.0;0.0;0.0;0.0;0.0;0.0;0.0;0.0;0.0010685358921206163;0.9989314641078794;0.0010685358921206163;0.0;0.0;0.00795874188208328;0.9920412581179168;0.0;0.0;0.0;0.0;0.0:GCP
7250;454622;0;0;454372;0;0;0;0;0;0;0;0;0;0;250;454372;250;0;0;7250;908744;62.70648275862069;0.0;0.0;0.9994500926044054;0.0;0.0;0.0;0.0;0.0;0.0;0.0;0.0;0.0;0.0;5.499073955945819E-4;0.9994500926044054;5.499073955945819E-4;0.0;0.0;0.007914899005888685;0.9920851009941113;0.0;0.0;0.0;0.0;0.0:GCP2125;66272;0;0;66147;0;0;0;0;0;0;0;0;0;0;125;66147;125;0;0;2125;132294;31.186823529411765;0.0;0.0;0.9981138338966683;0.0;0.0;0.0;0.0;0.0;0.0;0.0;0.0;0.0;0.0;0.0018861661033317237;0.9981138338966683;0.0018861661033317237;0.0;0.0;0.015808777033008727;0.9841912229669912;0.0;0.0;0.0;0.0;0.0:GCP
2250;70163;0;0;70038;0;0;0;0;0;0;0;0;0;0;125;70038;125;0;0;2250;140076;31.183555555555557;0.0;0.0;0.998218434217465;0.0;0.0;0.0;0.0;0.0;0.0;0.0;0.0;0.0;0.0;0.0017815657825349543;0.998218434217465;0.0017815657825349543;0.0;0.0;0.015808777033008727;0.9841912229669912;0.0;0.0;0.0;0.0;0.0:GCP
3750;233965;0;0;233715;0;0;0;0;0;0;0;0;0;0;250;233715;250;0;0;3750;467430;62.39066666666667;0.0;0.0;0.9989314641078794;0.0;0.0;0.0;0.0;0.0;0.0;0.0;0.0;0.0;0.0;0.0010685358921206163;0.9989314641078794;0.0010685358921206163;0.0;0.0;0.00795874188208328;0.9920412581179168;0.0;0.0;0.0;0.0;0.0:GCP
7250;454622;0;0;454372;0;0;0;0;0;0;0;0;0;0;250;454372;250;0;0;7250;908744;62.70648275862069;0.0;0.0;0.9994500926044054;0.0;0.0;0.0;0.0;0.0;0.0;0.0;0.0;0.0;0.0;5.499073955945819E-4;0.9994500926044054;5.499073955945819E-4;0.0;0.0;0.007914899005888685;0.9920851009941113;0.0;0.0;0.0;0.0;0.0:GCP2125;66272;0;0;66147;0;0;0;0;0;0;0;0;0;0;125;66147;125;0;0;2125;132294;31.186823529411765;0.0;0.0;0.9981138338966683;0.0;0.0;0.0;0.0;0.0;0.0;0.0;0.0;0.0;0.0;0.0018861661033317237;0.9981138338966683;0.0018861661033317237;0.0;0.0;0.015808777033008727;0.9841912229669912;0.0;0.0;0.0;0.0;0.0:GCP
2250;70163;0;0;70038;0;0;0;0;0;0;0;0;0;0;125;70038;125;0;0;2250;140076;31.183555555555557;0.0;0.0;0.998218434217465;0.0;0.0;0.0;0.0;0.0;0.0;0.0;0.0;0.0;0.0;0.0017815657825349543;0.998218434217465;0.0017815657825349543;0.0;0.0;0.015808777033008727;0.9841912229669912;0.0;0.0;0.0;0.0;0.0:GCP
3750;233965;0;0;233715;0;0;0;0;0;0;0;0;0;0;250;233715;250;0;0;3750;467430;62.39066666666667;0.0;0.0;0.9989314641078794;0.0;0.0;0.0;0.0;0.0;0.0;0.0;0.0;0.0;0.0;0.0010685358921206163;0.9989314641078794;0.0010685358921206163;0.0;0.0;0.00795874188208328;0.9920412581179168;0.0;0.0;0.0;0.0;0.0:GCP
7250;454622;0;0;454372;0;0;0;0;0;0;0;0;0;0;250;454372;250;0;0;7250;908744;62.70648275862069;0.0;0.0;0.9994500926044054;0.0;0.0;0.0;0.0;0.0;0.0;0.0;0.0;0.0;0.0;5.499073955945819E-4;0.9994500926044054;5.499073955945819E-4;0.0;0.0;0.007914899005888685;0.9920851009941113;0.0;0.0;0.0;0.0;0.0:GCP2125;66272;0;0;66147;0;0;0;0;0;0;0;0;0;0;125;66147;125;0;0;2125;132294;31.186823529411765;0.0;0.0;0.9981138338966683;0.0;0.0;0.0;0.0;0.0;0.0;0.0;0.0;0.0;0.0;0.0018861661033317237;0.9981138338966683;0.0018861661033317237;0.0;0.0;0.015808777033008727;0.9841912229669912;0.0;0.0;0.0;0.0;0.0:GCP
2250;70163;0;0;70038;0;0;0;0;0;0;0;0;0;0;125;70038;125;0;0;2250;140076;31.183555555555557;0.0;0.0;0.998218434217465;0.0;0.0;0.0;0.0;0.0;0.0;0.0;0.0;0.0;0.0;0.0017815657825349543;0.998218434217465;0.0017815657825349543;0.0;0.0;0.015808777033008727;0.9841912229669912;0.0;0.0;0.0;0.0;0.0:GCP
3750;233965;0;0;233715;0;0;0;0;0;0;0;0;0;0;250;233715;250;0;0;3750;467430;62.39066666666667;0.0;0.0;0.9989314641078794;0.0;0.0;0.0;0.0;0.0;0.0;0.0;0.0;0.0;0.0;0.0010685358921206163;0.9989314641078794;0.0010685358921206163;0.0;0.0;0.00795874188208328;0.9920412581179168;0.0;0.0;0.0;0.0;0.0:GCP
7250;454622;0;0;454372;0;0;0;0;0;0;0;0;0;0;250;454372;250;0;0;7250;908744;62.70648275862069;0.0;0.0;0.9994500926044054;0.0;0.0;0.0;0.0;0.0;0.0;0.0;0.0;0.0;0.0;5.499073955945819E-4;0.9994500926044054;5.499073955945819E-4;0.0;0.0;0.007914899005888685;0.9920851009941113;0.0;0.0;0.0;0.0;0.0:GCP2125;66272;0;0;66147;0;0;0;0;0;0;0;0;0;0;125;66147;125;0;0;2125;132294;31.186823529411765;0.0;0.0;0.9981138338966683;0.0;0.0;0.0;0.0;0.0;0.0;0.0;0.0;0.0;0.0;0.0018861661033317237;0.9981138338966683;0.0018861661033317237;0.0;0.0;0.015808777033008727;0.9841912229669912;0.0;0.0;0.0;0.0;0.0:GCP
2250;70163;0;0;70038;0;0;0;0;0;0;0;0;0;0;125;70038;125;0;0;2250;140076;31.183555555555557;0.0;0.0;0.998218434217465;0.0;0.0;0.0;0.0;0.0;0.0;0.0;0.0;0.0;0.0;0.0017815657825349543;0.998218434217465;0.0017815657825349543;0.0;0.0;0.015808777033008727;0.9841912229669912;0.0;0.0;0.0;0.0;0.0:GCP
3750;233965;0;0;233715;0;0;0;0;0;0;0;0;0;0;250;233715;250;0;0;3750;467430;62.39066666666667;0.0;0.0;0.9989314641078794;0.0;0.0;0.0;0.0;0.0;0.0;0.0;0.0;0.0;0.0;0.0010685358921206163;0.9989314641078794;0.0010685358921206163;0.0;0.0;0.00795874188208328;0.9920412581179168;0.0;0.0;0.0;0.0;0.0:GCP
7250;454622;0;0;454372;0;0;0;0;0;0;0;0;0;0;250;454372;250;0;0;7250;908744;62.70648275862069;0.0;0.0;0.9994500926044054;0.0;0.0;0.0;0.0;0.0;0.0;0.0;0.0;0.0;0.0;5.499073955945819E-4;0.9994500926044054;5.499073955945819E-4;0.0;0.0;0.007914899005888685;0.9920851009941113;0.0;0.0;0.0;0.0;0.0:GCP2125;66272;0;0;66147;0;0;0;0;0;0;0;0;0;0;125;66147;125;0;0;2125;132294;31.186823529411765;0.0;0.0;0.9981138338966683;0.0;0.0;0.0;0.0;0.0;0.0;0.0;0.0;0.0;0.0;0.0018861661033317237;0.9981138338966683;0.0018861661033317237;0.0;0.0;0.015808777033008727;0.9841912229669912;0.0;0.0;0.0;0.0;0.0:GCP
2250;70163;0;0;70038;0;0;0;0;0;0;0;0;0;0;125;70038;125;0;0;2250;140076;31.183555555555557;0.0;0.0;0.998218434217465;0.0;0.0;0.0;0.0;0.0;0.0;0.0;0.0;0.0;0.0;0.0017815657825349543;0.998218434217465;0.0017815657825349543;0.0;0.0;0.015808777033008727;0.9841912229669912;0.0;0.0;0.0;0.0;0.0:GCP
3750;233965;0;0;233715;0;0;0;0;0;0;0;0;0;0;250;233715;250;0;0;3750;467430;62.39066666666667;0.0;0.0;0.9989314641078794;0.0;0.0;0.0;0.0;0.0;0.0;0.0;0.0;0.0;0.0;0.0010685358921206163;0.9989314641078794;0.0010685358921206163;0.0;0.0;0.00795874188208328;0.9920412581179168;0.0;0.0;0.0;0.0;0.0:GCP
7250;454622;0;0;454372;0;0;0;0;0;0;0;0;0;0;250;454372;250;0;0;7250;908744;62.70648275862069;0.0;0.0;0.9994500926044054;0.0;0.0;0.0;0.0;0.0;0.0;0.0;0.0;0.0;0.0;5.499073955945819E-4;0.9994500926044054;5.499073955945819E-4;0.0;0.0;0.007914899005888685;0.9920851009941113;0.0;0.0;0.0;0.0;0.0:GCP2125;66272;0;0;66147;0;0;0;0;0;0;0;0;0;0;125;66147;125;0;0;2125;132294;31.186823529411765;0.0;0.0;0.9981138338966683;0.0;0.0;0.0;0.0;0.0;0.0;0.0;0.0;0.0;0.0;0.0018861661033317237;0.9981138338966683;0.0018861661033317237;0.0;0.0;0.015808777033008727;0.9841912229669912;0.0;0.0;0.0;0.0;0.0:GCP
2250;70163;0;0;70038;0;0;0;0;0;0;0;0;0;0;125;70038;125;0;0;2250;140076;31.183555555555557;0.0;0.0;0.998218434217465;0.0;0.0;0.0;0.0;0.0;0.0;0.0;0.0;0.0;0.0;0.0017815657825349543;0.998218434217465;0.0017815657825349543;0.0;0.0;0.015808777033008727;0.9841912229669912;0.0;0.0;0.0;0.0;0.0:GCP
3750;233965;0;0;233715;0;0;0;0;0;0;0;0;0;0;250;233715;250;0;0;3750;467430;62.39066666666667;0.0;0.0;0.9989314641078794;0.0;0.0;0.0;0.0;0.0;0.0;0.0;0.0;0.0;0.0;0.0010685358921206163;0.9989314641078794;0.0010685358921206163;0.0;0.0;0.00795874188208328;0.9920412581179168;0.0;0.0;0.0;0.0;0.0:GCP
7250;454622;0;0;454372;0;0;0;0;0;0;0;0;0;0;250;454372;250;0;0;7250;908744;62.70648275862069;0.0;0.0;0.9994500926044054;0.0;0.0;0.0;0.0;0.0;0.0;0.0;0.0;0.0;0.0;5.499073955945819E-4;0.9994500926044054;5.499073955945819E-4;0.0;0.0;0.007914899005888685;0.9920851009941113;0.0;0.0;0.0;0.0;0.0:GCP2125;66272;0;0;66147;0;0;0;0;0;0;0;0;0;0;125;66147;125;0;0;2125;132294;31.186823529411765;0.0;0.0;0.9981138338966683;0.0;0.0;0.0;0.0;0.0;0.0;0.0;0.0;0.0;0.0;0.0018861661033317237;0.9981138338966683;0.0018861661033317237;0.0;0.0;0.015808777033008727;0.9841912229669912;0.0;0.0;0.0;0.0;0.0:GCP
2250;70163;0;0;70038;0;0;0;0;0;0;0;0;0;0;125;70038;125;0;0;2250;140076;31.183555555555557;0.0;0.0;0.998218434217465;0.0;0.0;0.0;0.0;0.0;0.0;0.0;0.0;0.0;0.0;0.0017815657825349543;0.998218434217465;0.0017815657825349543;0.0;0.0;0.015808777033008727;0.9841912229669912;0.0;0.0;0.0;0.0;0.0:GCP
3750;233965;0;0;233715;0;0;0;0;0;0;0;0;0;0;250;233715;250;0;0;3750;467430;62.39066666666667;0.0;0.0;0.9989314641078794;0.0;0.0;0.0;0.0;0.0;0.0;0.0;0.0;0.0;0.0;0.0010685358921206163;0.9989314641078794;0.0010685358921206163;0.0;0.0;0.00795874188208328;0.9920412581179168;0.0;0.0;0.0;0.0;0.0:GCP
7250;454622;0;0;454372;0;0;0;0;0;0;0;0;0;0;250;454372;250;0;0;7250;908744;62.70648275862069;0.0;0.0;0.9994500926044054;0.0;0.0;0.0;0.0;0.0;0.0;0.0;0.0;0.0;0.0;5.499073955945819E-4;0.9994500926044054;5.499073955945819E-4;0.0;0.0;0.007914899005888685;0.9920851009941113;0.0;0.0;0.0;0.0;0.0:GCP2125;66272;0;0;66147;0;0;0;0;0;0;0;0;0;0;125;66147;125;0;0;2125;132294;31.186823529411765;0.0;0.0;0.9981138338966683;0.0;0.0;0.0;0.0;0.0;0.0;0.0;0.0;0.0;0.0;0.0018861661033317237;0.9981138338966683;0.0018861661033317237;0.0;0.0;0.015808777033008727;0.9841912229669912;0.0;0.0;0.0;0.0;0.0:GCP
2250;70163;0;0;70038;0;0;0;0;0;0;0;0;0;0;125;70038;125;0;0;2250;140076;31.183555555555557;0.0;0.0;0.998218434217465;0.0;0.0;0.0;0.0;0.0;0.0;0.0;0.0;0.0;0.0;0.0017815657825349543;0.998218434217465;0.0017815657825349543;0.0;0.0;0.015808777033008727;0.9841912229669912;0.0;0.0;0.0;0.0;0.0:GCP
3750;233965;0;0;233715;0;0;0;0;0;0;0;0;0;0;250;233715;250;0;0;3750;467430;62.39066666666667;0.0;0.0;0.9989314641078794;0.0;0.0;0.0;0.0;0.0;0.0;0.0;0.0;0.0;0.0;0.0010685358921206163;0.9989314641078794;0.0010685358921206163;0.0;0.0;0.00795874188208328;0.9920412581179168;0.0;0.0;0.0;0.0;0.0:GCP
7250;454622;0;0;454372;0;0;0;0;0;0;0;0;0;0;250;454372;250;0;0;7250;908744;62.70648275862069;0.0;0.0;0.9994500926044054;0.0;0.0;0.0;0.0;0.0;0.0;0.0;0.0;0.0;0.0;5.499073955945819E-4;0.9994500926044054;5.499073955945819E-4;0.0;0.0;0.007914899005888685;0.9920851009941113;0.0;0.0;0.0;0.0;0.0:GCP2125;66272;0;0;66147;0;0;0;0;0;0;0;0;0;0;125;66147;125;0;0;2125;132294;31.186823529411765;0.0;0.0;0.9981138338966683;0.0;0.0;0.0;0.0;0.0;0.0;0.0;0.0;0.0;0.0;0.0018861661033317237;0.9981138338966683;0.0018861661033317237;0.0;0.0;0.015808777033008727;0.9841912229669912;0.0;0.0;0.0;0.0;0.0:GCP
2250;70163;0;0;70038;0;0;0;0;0;0;0;0;0;0;125;70038;125;0;0;2250;140076;31.183555555555557;0.0;0.0;0.998218434217465;0.0;0.0;0.0;0.0;0.0;0.0;0.0;0.0;0.0;0.0;0.0017815657825349543;0.998218434217465;0.0017815657825349543;0.0;0.0;0.015808777033008727;0.9841912229669912;0.0;0.0;0.0;0.0;0.0:GCP
3750;233965;0;0;233715;0;0;0;0;0;0;0;0;0;0;250;233715;250;0;0;3750;467430;62.39066666666667;0.0;0.0;0.9989314641078794;0.0;0.0;0.0;0.0;0.0;0.0;0.0;0.0;0.0;0.0;0.0010685358921206163;0.9989314641078794;0.0010685358921206163;0.0;0.0;0.00795874188208328;0.9920412581179168;0.0;0.0;0.0;0.0;0.0:GCP
7250;454622;0;0;454372;0;0;0;0;0;0;0;0;0;0;250;454372;250;0;0;7250;908744;62.70648275862069;0.0;0.0;0.9994500926044054;0.0;0.0;0.0;0.0;0.0;0.0;0.0;0.0;0.0;0.0;5.499073955945819E-4;0.9994500926044054;5.499073955945819E-4;0.0;0.0;0.007914899005888685;0.9920851009941113;0.0;0.0;0.0;0.0;0.0:GCP2125;66272;0;0;66147;0;0;0;0;0;0;0;0;0;0;125;66147;125;0;0;2125;132294;31.186823529411765;0.0;0.0;0.9981138338966683;0.0;0.0;0.0;0.0;0.0;0.0;0.0;0.0;0.0;0.0;0.0018861661033317237;0.9981138338966683;0.0018861661033317237;0.0;0.0;0.015808777033008727;0.9841912229669912;0.0;0.0;0.0;0.0;0.0:GCP
2250;70163;0;0;70038;0;0;0;0;0;0;0;0;0;0;125;70038;125;0;0;2250;140076;31.183555555555557;0.0;0.0;0.998218434217465;0.0;0.0;0.0;0.0;0.0;0.0;0.0;0.0;0.0;0.0;0.0017815657825349543;0.998218434217465;0.0017815657825349543;0.0;0.0;0.015808777033008727;0.9841912229669912;0.0;0.0;0.0;0.0;0.0:GCP
3750;233965;0;0;233715;0;0;0;0;0;0;0;0;0;0;250;233715;250;0;0;3750;467430;62.39066666666667;0.0;0.0;0.9989314641078794;0.0;0.0;0.0;0.0;0.0;0.0;0.0;0.0;0.0;0.0;0.0010685358921206163;0.9989314641078794;0.0010685358921206163;0.0;0.0;0.00795874188208328;0.9920412581179168;0.0;0.0;0.0;0.0;0.0:GCP
7250;454622;0;0;454372;0;0;0;0;0;0;0;0;0;0;250;454372;250;0;0;7250;908744;62.70648275862069;0.0;0.0;0.9994500926044054;0.0;0.0;0.0;0.0;0.0;0.0;0.0;0.0;0.0;0.0;5.499073955945819E-4;0.9994500926044054;5.499073955945819E-4;0.0;0.0;0.007914899005888685;0.9920851009941113;0.0;0.0;0.0;0.0;0.0:GCP2125;66272;0;0;66147;0;0;0;0;0;0;0;0;0;0;125;66147;125;0;0;2125;132294;31.186823529411765;0.0;0.0;0.9981138338966683;0.0;0.0;0.0;0.0;0.0;0.0;0.0;0.0;0.0;0.0;0.0018861661033317237;0.9981138338966683;0.0018861661033317237;0.0;0.0;0.015808777033008727;0.9841912229669912;0.0;0.0;0.0;0.0;0.0:GCP
2250;70163;0;0;70038;0;0;0;0;0;0;0;0;0;0;125;70038;125;0;0;2250;140076;31.183555555555557;0.0;0.0;0.998218434217465;0.0;0.0;0.0;0.0;0.0;0.0;0.0;0.0;0.0;0.0;0.0017815657825349543;0.998218434217465;0.0017815657825349543;0.0;0.0;0.015808777033008727;0.9841912229669912;0.0;0.0;0.0;0.0;0.0:GCP
3750;233965;0;0;233715;0;0;0;0;0;0;0;0;0;0;250;233715;250;0;0;3750;467430;62.39066666666667;0.0;0.0;0.9989314641078794;0.0;0.0;0.0;0.0;0.0;0.0;0.0;0.0;0.0;0.0;0.0010685358921206163;0.9989314641078794;0.0010685358921206163;0.0;0.0;0.00795874188208328;0.9920412581179168;0.0;0.0;0.0;0.0;0.0:GCP
7250;454622;0;0;454372;0;0;0;0;0;0;0;0;0;0;250;454372;250;0;0;7250;908744;62.70648275862069;0.0;0.0;0.9994500926044054;0.0;0.0;0.0;0.0;0.0;0.0;0.0;0.0;0.0;0.0;5.499073955945819E-4;0.9994500926044054;5.499073955945819E-4;0.0;0.0;0.007914899005888685;0.9920851009941113;0.0;0.0;0.0;0.0;0.0:GCP2125;66272;0;0;66147;0;0;0;0;0;0;0;0;0;0;125;66147;125;0;0;2125;132294;31.186823529411765;0.0;0.0;0.9981138338966683;0.0;0.0;0.0;0.0;0.0;0.0;0.0;0.0;0.0;0.0;0.0018861661033317237;0.9981138338966683;0.0018861661033317237;0.0;0.0;0.015808777033008727;0.9841912229669912;0.0;0.0;0.0;0.0;0.0:GCP
2250;70163;0;0;70038;0;0;0;0;0;0;0;0;0;0;125;70038;125;0;0;2250;140076;31.183555555555557;0.0;0.0;0.998218434217465;0.0;0.0;0.0;0.0;0.0;0.0;0.0;0.0;0.0;0.0;0.0017815657825349543;0.998218434217465;0.0017815657825349543;0.0;0.0;0.015808777033008727;0.9841912229669912;0.0;0.0;0.0;0.0;0.0:GCP
3750;233965;0;0;233715;0;0;0;0;0;0;0;0;0;0;250;233715;250;0;0;3750;467430;62.39066666666667;0.0;0.0;0.9989314641078794;0.0;0.0;0.0;0.0;0.0;0.0;0.0;0.0;0.0;0.0;0.0010685358921206163;0.9989314641078794;0.0010685358921206163;0.0;0.0;0.00795874188208328;0.9920412581179168;0.0;0.0;0.0;0.0;0.0:GCP
7250;454622;0;0;454372;0;0;0;0;0;0;0;0;0;0;250;454372;250;0;0;7250;908744;62.70648275862069;0.0;0.0;0.9994500926044054;0.0;0.0;0.0;0.0;0.0;0.0;0.0;0.0;0.0;0.0;5.499073955945819E-4;0.9994500926044054;5.499073955945819E-4;0.0;0.0;0.007914899005888685;0.9920851009941113;0.0;0.0;0.0;0.0;0.0:GCP2125;66272;0;0;66147;0;0;0;0;0;0;0;0;0;0;125;66147;125;0;0;2125;132294;31.186823529411765;0.0;0.0;0.9981138338966683;0.0;0.0;0.0;0.0;0.0;0.0;0.0;0.0;0.0;0.0;0.0018861661033317237;0.9981138338966683;0.0018861661033317237;0.0;0.0;0.015808777033008727;0.9841912229669912;0.0;0.0;0.0;0.0;0.0:GCP
2250;70163;0;0;70038;0;0;0;0;0;0;0;0;0;0;125;70038;125;0;0;2250;140076;31.183555555555557;0.0;0.0;0.998218434217465;0.0;0.0;0.0;0.0;0.0;0.0;0.0;0.0;0.0;0.0;0.0017815657825349543;0.998218434217465;0.0017815657825349543;0.0;0.0;0.015808777033008727;0.9841912229669912;0.0;0.0;0.0;0.0;0.0:GCP
3750;233965;0;0;233715;0;0;0;0;0;0;0;0;0;0;250;233715;250;0;0;3750;467430;62.39066666666667;0.0;0.0;0.9989314641078794;0.0;0.0;0.0;0.0;0.0;0.0;0.0;0.0;0.0;0.0;0.0010685358921206163;0.9989314641078794;0.0010685358921206163;0.0;0.0;0.00795874188208328;0.9920412581179168;0.0;0.0;0.0;0.0;0.0:GCP
7250;454622;0;0;454372;0;0;0;0;0;0;0;0;0;0;250;454372;250;0;0;7250;908744;62.70648275862069;0.0;0.0;0.9994500926044054;0.0;0.0;0.0;0.0;0.0;0.0;0.0;0.0;0.0;0.0;5.499073955945819E-4;0.9994500926044054;5.499073955945819E-4;0.0;0.0;0.007914899005888685;0.9920851009941113;0.0;0.0;0.0;0.0;0.0:GCP2125;66272;0;0;66147;0;0;0;0;0;0;0;0;0;0;125;66147;125;0;0;2125;132294;31.186823529411765;0.0;0.0;0.9981138338966683;0.0;0.0;0.0;0.0;0.0;0.0;0.0;0.0;0.0;0.0;0.0018861661033317237;0.9981138338966683;0.0018861661033317237;0.0;0.0;0.015808777033008727;0.9841912229669912;0.0;0.0;0.0;0.0;0.0:GCP
2250;70163;0;0;70038;0;0;0;0;0;0;0;0;0;0;125;70038;125;0;0;2250;140076;31.183555555555557;0.0;0.0;0.998218434217465;0.0;0.0;0.0;0.0;0.0;0.0;0.0;0.0;0.0;0.0;0.0017815657825349543;0.998218434217465;0.0017815657825349543;0.0;0.0;0.015808777033008727;0.9841912229669912;0.0;0.0;0.0;0.0;0.0:GCP
3750;233965;0;0;233715;0;0;0;0;0;0;0;0;0;0;250;233715;250;0;0;3750;467430;62.39066666666667;0.0;0.0;0.9989314641078794;0.0;0.0;0.0;0.0;0.0;0.0;0.0;0.0;0.0;0.0;0.0010685358921206163;0.9989314641078794;0.0010685358921206163;0.0;0.0;0.00795874188208328;0.9920412581179168;0.0;0.0;0.0;0.0;0.0:GCP
7250;454622;0;0;454372;0;0;0;0;0;0;0;0;0;0;250;454372;250;0;0;7250;908744;62.70648275862069;0.0;0.0;0.9994500926044054;0.0;0.0;0.0;0.0;0.0;0.0;0.0;0.0;0.0;0.0;5.499073955945819E-4;0.9994500926044054;5.499073955945819E-4;0.0;0.0;0.007914899005888685;0.9920851009941113;0.0;0.0;0.0;0.0;0.0:GCP2125;66272;0;0;66147;0;0;0;0;0;0;0;0;0;0;125;66147;125;0;0;2125;132294;31.186823529411765;0.0;0.0;0.9981138338966683;0.0;0.0;0.0;0.0;0.0;0.0;0.0;0.0;0.0;0.0;0.0018861661033317237;0.9981138338966683;0.0018861661033317237;0.0;0.0;0.015808777033008727;0.9841912229669912;0.0;0.0;0.0;0.0;0.0:GCP
2250;70163;0;0;70038;0;0;0;0;0;0;0;0;0;0;125;70038;125;0;0;2250;140076;31.183555555555557;0.0;0.0;0.998218434217465;0.0;0.0;0.0;0.0;0.0;0.0;0.0;0.0;0.0;0.0;0.0017815657825349543;0.998218434217465;0.0017815657825349543;0.0;0.0;0.015808777033008727;0.9841912229669912;0.0;0.0;0.0;0.0;0.0:GCP
3750;233965;0;0;233715;0;0;0;0;0;0;0;0;0;0;250;233715;250;0;0;3750;467430;62.39066666666667;0.0;0.0;0.9989314641078794;0.0;0.0;0.0;0.0;0.0;0.0;0.0;0.0;0.0;0.0;0.0010685358921206163;0.9989314641078794;0.0010685358921206163;0.0;0.0;0.00795874188208328;0.9920412581179168;0.0;0.0;0.0;0.0;0.0:GCP
7250;454622;0;0;454372;0;0;0;0;0;0;0;0;0;0;250;454372;250;0;0;7250;908744;62.70648275862069;0.0;0.0;0.9994500926044054;0.0;0.0;0.0;0.0;0.0;0.0;0.0;0.0;0.0;0.0;5.499073955945819E-4;0.9994500926044054;5.499073955945819E-4;0.0;0.0;0.007914899005888685;0.9920851009941113;0.0;0.0;0.0;0.0;0.0:GCP2125;66272;0;0;66147;0;0;0;0;0;0;0;0;0;0;125;66147;125;0;0;2125;132294;31.186823529411765;0.0;0.0;0.9981138338966683;0.0;0.0;0.0;0.0;0.0;0.0;0.0;0.0;0.0;0.0;0.0018861661033317237;0.9981138338966683;0.0018861661033317237;0.0;0.0;0.015808777033008727;0.9841912229669912;0.0;0.0;0.0;0.0;0.0:GCP
2250;70163;0;0;70038;0;0;0;0;0;0;0;0;0;0;125;70038;125;0;0;2250;140076;31.183555555555557;0.0;0.0;0.998218434217465;0.0;0.0;0.0;0.0;0.0;0.0;0.0;0.0;0.0;0.0;0.0017815657825349543;0.998218434217465;0.0017815657825349543;0.0;0.0;0.015808777033008727;0.9841912229669912;0.0;0.0;0.0;0.0;0.0:GCP
3750;233965;0;0;233715;0;0;0;0;0;0;0;0;0;0;250;233715;250;0;0;3750;467430;62.39066666666667;0.0;0.0;0.9989314641078794;0.0;0.0;0.0;0.0;0.0;0.0;0.0;0.0;0.0;0.0;0.0010685358921206163;0.9989314641078794;0.0010685358921206163;0.0;0.0;0.00795874188208328;0.9920412581179168;0.0;0.0;0.0;0.0;0.0:GCP
7250;454622;0;0;454372;0;0;0;0;0;0;0;0;0;0;250;454372;250;0;0;7250;908744;62.70648275862069;0.0;0.0;0.9994500926044054;0.0;0.0;0.0;0.0;0.0;0.0;0.0;0.0;0.0;0.0;5.499073955945819E-4;0.9994500926044054;5.499073955945819E-4;0.0;0.0;0.007914899005888685;0.9920851009941113;0.0;0.0;0.0;0.0;0.0:GCP2125;66272;0;0;66147;0;0;0;0;0;0;0;0;0;0;125;66147;125;0;0;2125;132294;31.186823529411765;0.0;0.0;0.9981138338966683;0.0;0.0;0.0;0.0;0.0;0.0;0.0;0.0;0.0;0.0;0.0018861661033317237;0.9981138338966683;0.0018861661033317237;0.0;0.0;0.015808777033008727;0.9841912229669912;0.0;0.0;0.0;0.0;0.0:GCP
2250;70163;0;0;70038;0;0;0;0;0;0;0;0;0;0;125;70038;125;0;0;2250;140076;31.183555555555557;0.0;0.0;0.998218434217465;0.0;0.0;0.0;0.0;0.0;0.0;0.0;0.0;0.0;0.0;0.0017815657825349543;0.998218434217465;0.0017815657825349543;0.0;0.0;0.015808777033008727;0.9841912229669912;0.0;0.0;0.0;0.0;0.0:GCP
3750;233965;0;0;233715;0;0;0;0;0;0;0;0;0;0;250;233715;250;0;0;3750;467430;62.39066666666667;0.0;0.0;0.9989314641078794;0.0;0.0;0.0;0.0;0.0;0.0;0.0;0.0;0.0;0.0;0.0010685358921206163;0.9989314641078794;0.0010685358921206163;0.0;0.0;0.00795874188208328;0.9920412581179168;0.0;0.0;0.0;0.0;0.0:GCP
7250;454622;0;0;454372;0;0;0;0;0;0;0;0;0;0;250;454372;250;0;0;7250;908744;62.70648275862069;0.0;0.0;0.9994500926044054;0.0;0.0;0.0;0.0;0.0;0.0;0.0;0.0;0.0;0.0;5.499073955945819E-4;0.9994500926044054;5.499073955945819E-4;0.0;0.0;0.007914899005888685;0.9920851009941113;0.0;0.0;0.0;0.0;0.0:GCP2125;66272;0;0;66147;0;0;0;0;0;0;0;0;0;0;125;66147;125;0;0;2125;132294;31.186823529411765;0.0;0.0;0.9981138338966683;0.0;0.0;0.0;0.0;0.0;0.0;0.0;0.0;0.0;0.0;0.0018861661033317237;0.9981138338966683;0.0018861661033317237;0.0;0.0;0.015808777033008727;0.9841912229669912;0.0;0.0;0.0;0.0;0.0:GCP
2250;70163;0;0;70038;0;0;0;0;0;0;0;0;0;0;125;70038;125;0;0;2250;140076;31.183555555555557;0.0;0.0;0.998218434217465;0.0;0.0;0.0;0.0;0.0;0.0;0.0;0.0;0.0;0.0;0.0017815657825349543;0.998218434217465;0.0017815657825349543;0.0;0.0;0.015808777033008727;0.9841912229669912;0.0;0.0;0.0;0.0;0.0:GCP
3750;233965;0;0;233715;0;0;0;0;0;0;0;0;0;0;250;233715;250;0;0;3750;467430;62.39066666666667;0.0;0.0;0.9989314641078794;0.0;0.0;0.0;0.0;0.0;0.0;0.0;0.0;0.0;0.0;0.0010685358921206163;0.9989314641078794;0.0010685358921206163;0.0;0.0;0.00795874188208328;0.9920412581179168;0.0;0.0;0.0;0.0;0.0:GCP
7250;454622;0;0;454372;0;0;0;0;0;0;0;0;0;0;250;454372;250;0;0;7250;908744;62.70648275862069;0.0;0.0;0.9994500926044054;0.0;0.0;0.0;0.0;0.0;0.0;0.0;0.0;0.0;0.0;5.499073955945819E-4;0.9994500926044054;5.499073955945819E-4;0.0;0.0;0.007914899005888685;0.9920851009941113;0.0;0.0;0.0;0.0;0.0:GCP2125;66272;0;0;66147;0;0;0;0;0;0;0;0;0;0;125;66147;125;0;0;2125;132294;31.186823529411765;0.0;0.0;0.9981138338966683;0.0;0.0;0.0;0.0;0.0;0.0;0.0;0.0;0.0;0.0;0.0018861661033317237;0.9981138338966683;0.0018861661033317237;0.0;0.0;0.015808777033008727;0.9841912229669912;0.0;0.0;0.0;0.0;0.0:GCP
2250;70163;0;0;70038;0;0;0;0;0;0;0;0;0;0;125;70038;125;0;0;2250;140076;31.183555555555557;0.0;0.0;0.998218434217465;0.0;0.0;0.0;0.0;0.0;0.0;0.0;0.0;0.0;0.0;0.0017815657825349543;0.998218434217465;0.0017815657825349543;0.0;0.0;0.015808777033008727;0.9841912229669912;0.0;0.0;0.0;0.0;0.0:GCP
3750;233965;0;0;233715;0;0;0;0;0;0;0;0;0;0;250;233715;250;0;0;3750;467430;62.39066666666667;0.0;0.0;0.9989314641078794;0.0;0.0;0.0;0.0;0.0;0.0;0.0;0.0;0.0;0.0;0.0010685358921206163;0.9989314641078794;0.0010685358921206163;0.0;0.0;0.00795874188208328;0.9920412581179168;0.0;0.0;0.0;0.0;0.0:GCP
7250;454622;0;0;454372;0;0;0;0;0;0;0;0;0;0;250;454372;250;0;0;7250;908744;62.70648275862069;0.0;0.0;0.9994500926044054;0.0;0.0;0.0;0.0;0.0;0.0;0.0;0.0;0.0;0.0;5.499073955945819E-4;0.9994500926044054;5.499073955945819E-4;0.0;0.0;0.007914899005888685;0.9920851009941113;0.0;0.0;0.0;0.0;0.0:GCP2125;66272;0;0;66147;0;0;0;0;0;0;0;0;0;0;125;66147;125;0;0;2125;132294;31.186823529411765;0.0;0.0;0.9981138338966683;0.0;0.0;0.0;0.0;0.0;0.0;0.0;0.0;0.0;0.0;0.0018861661033317237;0.9981138338966683;0.0018861661033317237;0.0;0.0;0.015808777033008727;0.9841912229669912;0.0;0.0;0.0;0.0;0.0:GCP
2250;70163;0;0;70038;0;0;0;0;0;0;0;0;0;0;125;70038;125;0;0;2250;140076;31.183555555555557;0.0;0.0;0.998218434217465;0.0;0.0;0.0;0.0;0.0;0.0;0.0;0.0;0.0;0.0;0.0017815657825349543;0.998218434217465;0.0017815657825349543;0.0;0.0;0.015808777033008727;0.9841912229669912;0.0;0.0;0.0;0.0;0.0:GCP
3750;233965;0;0;233715;0;0;0;0;0;0;0;0;0;0;250;233715;250;0;0;3750;467430;62.39066666666667;0.0;0.0;0.9989314641078794;0.0;0.0;0.0;0.0;0.0;0.0;0.0;0.0;0.0;0.0;0.0010685358921206163;0.9989314641078794;0.0010685358921206163;0.0;0.0;0.00795874188208328;0.9920412581179168;0.0;0.0;0.0;0.0;0.0:GCP
7250;454622;0;0;454372;0;0;0;0;0;0;0;0;0;0;250;454372;250;0;0;7250;908744;62.70648275862069;0.0;0.0;0.9994500926044054;0.0;0.0;0.0;0.0;0.0;0.0;0.0;0.0;0.0;0.0;5.499073955945819E-4;0.9994500926044054;5.499073955945819E-4;0.0;0.0;0.007914899005888685;0.9920851009941113;0.0;0.0;0.0;0.0;0.0:GCP2125;66272;0;0;66147;0;0;0;0;0;0;0;0;0;0;125;66147;125;0;0;2125;132294;31.186823529411765;0.0;0.0;0.9981138338966683;0.0;0.0;0.0;0.0;0.0;0.0;0.0;0.0;0.0;0.0;0.0018861661033317237;0.9981138338966683;0.0018861661033317237;0.0;0.0;0.015808777033008727;0.9841912229669912;0.0;0.0;0.0;0.0;0.0:GCP
2250;70163;0;0;70038;0;0;0;0;0;0;0;0;0;0;125;70038;125;0;0;2250;140076;31.183555555555557;0.0;0.0;0.998218434217465;0.0;0.0;0.0;0.0;0.0;0.0;0.0;0.0;0.0;0.0;0.0017815657825349543;0.998218434217465;0.0017815657825349543;0.0;0.0;0.015808777033008727;0.9841912229669912;0.0;0.0;0.0;0.0;0.0:GCP
3750;233965;0;0;233715;0;0;0;0;0;0;0;0;0;0;250;233715;250;0;0;3750;467430;62.39066666666667;0.0;0.0;0.9989314641078794;0.0;0.0;0.0;0.0;0.0;0.0;0.0;0.0;0.0;0.0;0.0010685358921206163;0.9989314641078794;0.0010685358921206163;0.0;0.0;0.00795874188208328;0.9920412581179168;0.0;0.0;0.0;0.0;0.0:GCP
7250;454622;0;0;454372;0;0;0;0;0;0;0;0;0;0;250;454372;250;0;0;7250;908744;62.70648275862069;0.0;0.0;0.9994500926044054;0.0;0.0;0.0;0.0;0.0;0.0;0.0;0.0;0.0;0.0;5.499073955945819E-4;0.9994500926044054;5.499073955945819E-4;0.0;0.0;0.007914899005888685;0.9920851009941113;0.0;0.0;0.0;0.0;0.0:GCP2125;66272;0;0;66147;0;0;0;0;0;0;0;0;0;0;125;66147;125;0;0;2125;132294;31.186823529411765;0.0;0.0;0.9981138338966683;0.0;0.0;0.0;0.0;0.0;0.0;0.0;0.0;0.0;0.0;0.0018861661033317237;0.9981138338966683;0.0018861661033317237;0.0;0.0;0.015808777033008727;0.9841912229669912;0.0;0.0;0.0;0.0;0.0:GCP
2250;70163;0;0;70038;0;0;0;0;0;0;0;0;0;0;125;70038;125;0;0;2250;140076;31.183555555555557;0.0;0.0;0.998218434217465;0.0;0.0;0.0;0.0;0.0;0.0;0.0;0.0;0.0;0.0;0.0017815657825349543;0.998218434217465;0.0017815657825349543;0.0;0.0;0.015808777033008727;0.9841912229669912;0.0;0.0;0.0;0.0;0.0:GCP
3750;233965;0;0;233715;0;0;0;0;0;0;0;0;0;0;250;233715;250;0;0;3750;467430;62.39066666666667;0.0;0.0;0.9989314641078794;0.0;0.0;0.0;0.0;0.0;0.0;0.0;0.0;0.0;0.0;0.0010685358921206163;0.9989314641078794;0.0010685358921206163;0.0;0.0;0.00795874188208328;0.9920412581179168;0.0;0.0;0.0;0.0;0.0:GCP
7250;454622;0;0;454372;0;0;0;0;0;0;0;0;0;0;250;454372;250;0;0;7250;908744;62.70648275862069;0.0;0.0;0.9994500926044054;0.0;0.0;0.0;0.0;0.0;0.0;0.0;0.0;0.0;0.0;5.499073955945819E-4;0.9994500926044054;5.499073955945819E-4;0.0;0.0;0.007914899005888685;0.9920851009941113;0.0;0.0;0.0;0.0;0.0:GCP2125;66272;0;0;66147;0;0;0;0;0;0;0;0;0;0;125;66147;125;0;0;2125;132294;31.186823529411765;0.0;0.0;0.9981138338966683;0.0;0.0;0.0;0.0;0.0;0.0;0.0;0.0;0.0;0.0;0.0018861661033317237;0.9981138338966683;0.0018861661033317237;0.0;0.0;0.015808777033008727;0.9841912229669912;0.0;0.0;0.0;0.0;0.0:GCP
2250;70163;0;0;70038;0;0;0;0;0;0;0;0;0;0;125;70038;125;0;0;2250;140076;31.183555555555557;0.0;0.0;0.998218434217465;0.0;0.0;0.0;0.0;0.0;0.0;0.0;0.0;0.0;0.0;0.0017815657825349543;0.998218434217465;0.0017815657825349543;0.0;0.0;0.015808777033008727;0.9841912229669912;0.0;0.0;0.0;0.0;0.0:GCP
3750;233965;0;0;233715;0;0;0;0;0;0;0;0;0;0;250;233715;250;0;0;3750;467430;62.39066666666667;0.0;0.0;0.9989314641078794;0.0;0.0;0.0;0.0;0.0;0.0;0.0;0.0;0.0;0.0;0.0010685358921206163;0.9989314641078794;0.0010685358921206163;0.0;0.0;0.00795874188208328;0.9920412581179168;0.0;0.0;0.0;0.0;0.0:GCP
7250;454622;0;0;454372;0;0;0;0;0;0;0;0;0;0;250;454372;250;0;0;7250;908744;62.70648275862069;0.0;0.0;0.9994500926044054;0.0;0.0;0.0;0.0;0.0;0.0;0.0;0.0;0.0;0.0;5.499073955945819E-4;0.9994500926044054;5.499073955945819E-4;0.0;0.0;0.007914899005888685;0.9920851009941113;0.0;0.0;0.0;0.0;0.0:GCP2125;66272;0;0;66147;0;0;0;0;0;0;0;0;0;0;125;66147;125;0;0;2125;132294;31.186823529411765;0.0;0.0;0.9981138338966683;0.0;0.0;0.0;0.0;0.0;0.0;0.0;0.0;0.0;0.0;0.0018861661033317237;0.9981138338966683;0.0018861661033317237;0.0;0.0;0.015808777033008727;0.9841912229669912;0.0;0.0;0.0;0.0;0.0:GCP
2250;70163;0;0;70038;0;0;0;0;0;0;0;0;0;0;125;70038;125;0;0;2250;140076;31.183555555555557;0.0;0.0;0.998218434217465;0.0;0.0;0.0;0.0;0.0;0.0;0.0;0.0;0.0;0.0;0.0017815657825349543;0.998218434217465;0.0017815657825349543;0.0;0.0;0.015808777033008727;0.9841912229669912;0.0;0.0;0.0;0.0;0.0:GCP
3750;233965;0;0;233715;0;0;0;0;0;0;0;0;0;0;250;233715;250;0;0;3750;467430;62.39066666666667;0.0;0.0;0.9989314641078794;0.0;0.0;0.0;0.0;0.0;0.0;0.0;0.0;0.0;0.0;0.0010685358921206163;0.9989314641078794;0.0010685358921206163;0.0;0.0;0.00795874188208328;0.9920412581179168;0.0;0.0;0.0;0.0;0.0:GCP
7250;454622;0;0;454372;0;0;0;0;0;0;0;0;0;0;250;454372;250;0;0;7250;908744;62.70648275862069;0.0;0.0;0.9994500926044054;0.0;0.0;0.0;0.0;0.0;0.0;0.0;0.0;0.0;0.0;5.499073955945819E-4;0.9994500926044054;5.499073955945819E-4;0.0;0.0;0.007914899005888685;0.9920851009941113;0.0;0.0;0.0;0.0;0.0:GCP