100;160;0;0;0;160;0;0;0;0;0;0;0;0;0;0;18;13;62;67;235;245;1.6;0.0;0.0;0.0;1.0;0.0;0.0;0.0;0.0;0.0;0.0;0.0;0.0;0.0;0.0;0.1125;0.08125;0.3875;0.41875;0.4895833333333333;0.5104166666666666;0.0;0.0;1.0;0.0;0.0:AIM
100;160;0;0;2;158;0;0;0;0;0;0;0;0;0;0;21;23;61;56;239;239;1.6;0.0;0.0;0.0125;0.9875;0.0;0.0;0.0;0.0;0.0;0.0;0.0;0.0;0.0;0.0;0.13125;0.14375;0.38125;0.35;0.5;0.5;0.0;0.0;0.0;0.0;0.0:AIM
100;160;0;0;1;159;0;0;0;0;0;0;0;0;0;0;21;21;66;52;233;246;1.6;0.0;0.0;0.00625;0.99375;0.0;0.0;0.0;0.0;0.0;0.0;0.0;0.0;0.0;0.0;0.13125;0.13125;0.4125;0.325;0.48643006263048016;0.5135699373695198;0.0;0.0;1.0;0.0;0.0:AIM
100;160;0;0;2;158;0;0;0;0;0;0;0;0;0;0;23;18;57;64;235;243;1.6;0.0;0.0;0.0125;0.9875;0.0;0.0;0.0;0.0;0.0;0.0;0.0;0.0;0.0;0.0;0.14375;0.1125;0.35625;0.4;0.4916317991631799;0.5083682008368201;0.0;0.0;0.0;0.0;0.0:AIM
100;160;0;0;1;159;0;0;0;0;0;0;0;0;0;0;20;22;57;62;245;234;1.6;0.0;0.0;0.00625;0.99375;0.0;0.0;0.0;0.0;0.0;0.0;0.0;0.0;0.0;0.0;0.125;0.1375;0.35625;0.3875;0.511482254697286;0.48851774530271397;0.0;0.0;1.0;0.0;0.0:AIM
100;160;0;0;1;159;0;0;0;0;0;0;0;0;0;0;21;26;63;50;241;238;1.6;0.0;0.0;0.00625;0.99375;0.0;0.0;0.0;0.0;0.0;0.0;0.0;0.0;0.0;0.0;0.13125;0.1625;0.39375;0.3125;0.5031315240083507;0.4968684759916493;0.0;0.0;1.0;0.0;0.0:AIM
100;160;0;0;0;160;0;0;0;0;0;0;0;0;0;0;20;20;59;61;241;239;1.6;0.0;0.0;0.0;1.0;0.0;0.0;0.0;0.0;0.0;0.0;0.0;0.0;0.0;0.0;0.125;0.125;0.36875;0.38125;0.5020833333333333;0.4979166666666667;0.0;0.0;1.0;0.0;0.0:AIM
100;160;0;0;0;160;0;0;0;0;0;0;0;0;0;0;24;24;57;55;239;241;1.6;0.0;0.0;0.0;1.0;0.0;0.0;0.0;0.0;0.0;0.0;0.0;0.0;0.0;0.0;0.15;0.15;0.35625;0.34375;0.4979166666666667;0.5020833333333333;0.0;0.0;1.0;0.0;0.0:AIM
100;200;0;0;0;200;0;0;0;0;0;0;0;0;0;0;28;26;70;76;300;300;2.0;0.0;0.0;0.0;1.0;0.0;0.0;0.0;0.0;0.0;0.0;0.0;0.0;0.0;0.0;0.14;0.13;0.35;0.38;0.5;0.5;0.0;0.0;0.0;0.0;0.0:AIM
100;200;0;0;0;200;0;0;0;0;0;0;0;0;0;0;24;26;78;72;300;300;2.0;0.0;0.0;0.0;1.0;0.0;0.0;0.0;0.0;0.0;0.0;0.0;0.0;0.0;0.0;0.12;0.13;0.39;0.36;0.5;0.5;0.0;0.0;0.0;0.0;0.0:AIM
100;200;0;0;2;198;0;0;0;0;0;0;0;0;0;0;21;27;85;68;299;299;2.0;0.0;0.0;0.01;0.99;0.0;0.0;0.0;0.0;0.0;0.0;0.0;0.0;0.0;0.0;0.105;0.135;0.425;0.34;0.5;0.5;0.0;0.0;0.0;0.0;0.0:AIM
100;200;0;0;0;200;0;0;0;0;0;0;0;0;0;0;23;22;76;79;300;300;2.0;0.0;0.0;0.0;1.0;0.0;0.0;0.0;0.0;0.0;0.0;0.0;0.0;0.0;0.0;0.115;0.11;0.38;0.395;0.5;0.5;0.0;0.0;0.0;0.0;0.0:AIM
100;200;0;0;1;199;0;0;0;0;0;0;0;0;0;0;36;33;61;70;299;300;2.0;0.0;0.0;0.005;0.995;0.0;0.0;0.0;0.0;0.0;0.0;0.0;0.0;0.0;0.0;0.18;0.165;0.305;0.35;0.4991652754590985;0.5008347245409015;0.0;0.0;1.0;0.0;0.0:AIM
100;200;0;0;2;198;0;0;0;0;0;0;0;0;0;0;29;30;72;70;300;298;2.0;0.0;0.0;0.01;0.99;0.0;0.0;0.0;0.0;0.0;0.0;0.0;0.0;0.0;0.0;0.145;0.15;0.36;0.35;0.5016722408026756;0.4983277591973244;0.0;0.0;0.0;0.0;0.0:AIM
100;200;0;0;1;199;0;0;0;0;0;0;0;0;0;0;29;29;71;72;300;299;2.0;0.0;0.0;0.005;0.995;0.0;0.0;0.0;0.0;0.0;0.0;0.0;0.0;0.0;0.0;0.145;0.145;0.355;0.36;0.5008347245409015;0.4991652754590985;0.0;0.0;1.0;0.0;0.0:AIM
100;200;0;0;0;200;0;0;0;0;0;0;0;0;0;0;32;24;60;84;300;300;2.0;0.0;0.0;0.0;1.0;0.0;0.0;0.0;0.0;0.0;0.0;0.0;0.0;0.0;0.0;0.16;0.12;0.3;0.42;0.5;0.5;0.0;0.0;0.0;0.0;0.0:AIM
100;340;0;0;1;339;0;0;0;0;0;0;0;0;0;0;50;49;120;121;509;510;3.4;0.0;0.0;0.0029411764705882353;0.9970588235294118;0.0;0.0;0.0;0.0;0.0;0.0;0.0;0.0;0.0;0.0;0.14705882352941177;0.14411764705882352;0.35294117647058826;0.3558823529411765;0.49950932286555444;0.5004906771344455;0.0;0.0;1.0;0.0;0.0:AIM
100;340;0;0;3;337;0;0;0;0;0;0;0;0;0;0;40;43;131;128;512;505;3.4;0.0;0.0;0.008823529411764706;0.9911764705882353;0.0;0.0;0.0;0.0;0.0;0.0;0.0;0.0;0.0;0.0;0.11764705882352941;0.1264705882352941;0.38529411764705884;0.3764705882352941;0.5034414945919371;0.49655850540806296;0.0;0.0;0.0;0.0;0.0:AIM
100;340;0;0;0;340;0;0;0;0;0;0;0;0;0;0;41;43;132;124;509;511;3.4;0.0;0.0;0.0;1.0;0.0;0.0;0.0;0.0;0.0;0.0;0.0;0.0;0.0;0.0;0.12058823529411765;0.1264705882352941;0.38823529411764707;0.36470588235294116;0.49901960784313726;0.5009803921568627;0.0;0.0;1.0;0.0;0.0:AIM
100;340;0;0;1;339;0;0;0;0;0;0;0;0;0;0;49;40;112;139;510;509;3.4;0.0;0.0;0.0029411764705882353;0.9970588235294118;0.0;0.0;0.0;0.0;0.0;0.0;0.0;0.0;0.0;0.0;0.14411764705882352;0.11764705882352941;0.32941176470588235;0.4088235294117647;0.5004906771344455;0.49950932286555444;0.0;0.0;1.0;0.0;0.0:AIM
100;600;0;0;3;597;0;0;0;0;0;0;0;0;0;0;69;78;240;214;900;897;6.0;0.0;0.0;0.005;0.995;0.0;0.0;0.0;0.0;0.0;0.0;0.0;0.0;0.0;0.0;0.115;0.13;0.4;0.3566666666666667;0.5008347245409015;0.4991652754590985;0.0;0.0;0.0;0.0;0.0:AIM
100;600;0;0;1;599;0;0;0;0;0;0;0;0;0;0;80;75;215;230;900;899;6.0;0.0;0.0;0.0016666666666666668;0.9983333333333333;0.0;0.0;0.0;0.0;0.0;0.0;0.0;0.0;0.0;0.0;0.13333333333333333;0.125;0.35833333333333334;0.38333333333333336;0.500277932184547;0.49972206781545303;0.0;0.0;1.0;0.0;0.0:AIM
100;600;0;0;2;598;0;0;0;0;0;0;0;0;0;0;72;74;231;224;899;899;6.0;0.0;0.0;0.0033333333333333335;0.9966666666666667;0.0;0.0;0.0;0.0;0.0;0.0;0.0;0.0;0.0;0.0;0.12;0.12333333333333334;0.385;0.37333333333333335;0.5;0.5;0.0;0.0;0.0;0.0;0.0:AIM
100;600;0;0;4;596;0;0;0;0;0;0;0;0;0;0;66;72;241;224;899;897;6.0;0.0;0.0;0.006666666666666667;0.9933333333333333;0.0;0.0;0.0;0.0;0.0;0.0;0.0;0.0;0.0;0.0;0.11;0.12;0.40166666666666667;0.37333333333333335;0.5005567928730512;0.4994432071269488;0.0;0.0;0.0;0.0;0.0:AIM
200;320;0;0;1;319;0;0;0;0;0;0;0;0;0;0;43;38;113;127;479;480;1.6;0.0;0.0;0.003125;0.996875;0.0;0.0;0.0;0.0;0.0;0.0;0.0;0.0;0.0;0.0;0.134375;0.11875;0.353125;0.396875;0.4994786235662148;0.5005213764337852;0.0;0.0;1.0;0.0;0.0:AIM
200;320;0;0;1;319;0;0;0;0;0;0;0;0;0;0;39;38;132;112;468;491;1.6;0.0;0.0;0.003125;0.996875;0.0;0.0;0.0;0.0;0.0;0.0;0.0;0.0;0.0;0.0;0.121875;0.11875;0.4125;0.35;0.4880083420229406;0.5119916579770595;0.0;0.0;1.0;0.0;0.0:AIM
200;320;0;0;2;318;0;0;0;0;0;0;0;0;0;0;44;48;124;105;476;482;1.6;0.0;0.0;0.00625;0.99375;0.0;0.0;0.0;0.0;0.0;0.0;0.0;0.0;0.0;0.0;0.1375;0.15;0.3875;0.328125;0.4968684759916493;0.5031315240083507;0.0;0.0;0.0;0.0;0.0:AIM
200;320;0;0;0;320;0;0;0;0;0;0;0;0;0;0;45;41;107;127;484;476;1.6;0.0;0.0;0.0;1.0;0.0;0.0;0.0;0.0;0.0;0.0;0.0;0.0;0.0;0.0;0.140625;0.128125;0.334375;0.396875;0.5041666666666667;0.49583333333333335;0.0;0.0;1.0;0.0;0.0:AIM
200;320;0;0;1;319;0;0;0;0;0;0;0;0;0;0;45;50;114;112;486;473;1.6;0.0;0.0;0.003125;0.996875;0.0;0.0;0.0;0.0;0.0;0.0;0.0;0.0;0.0;0.0;0.140625;0.15625;0.35625;0.35;0.5067778936392076;0.4932221063607925;0.0;0.0;1.0;0.0;0.0:AIM
200;320;0;0;1;319;0;0;0;0;0;0;0;0;0;0;38;45;133;105;476;483;1.6;0.0;0.0;0.003125;0.996875;0.0;0.0;0.0;0.0;0.0;0.0;0.0;0.0;0.0;0.0;0.11875;0.140625;0.415625;0.328125;0.49635036496350365;0.5036496350364964;0.0;0.0;1.0;0.0;0.0:AIM
200;320;0;0;1;319;0;0;0;0;0;0;0;0;0;0;48;44;112;116;476;483;1.6;0.0;0.0;0.003125;0.996875;0.0;0.0;0.0;0.0;0.0;0.0;0.0;0.0;0.0;0.0;0.15;0.1375;0.35;0.3625;0.49635036496350365;0.5036496350364964;0.0;0.0;1.0;0.0;0.0:AIM
200;320;0;0;4;316;0;0;0;0;0;0;0;0;0;0;50;51;116;106;474;482;1.6;0.0;0.0;0.0125;0.9875;0.0;0.0;0.0;0.0;0.0;0.0;0.0;0.0;0.0;0.0;0.15625;0.159375;0.3625;0.33125;0.49581589958158995;0.50418410041841;0.0;0.0;0.0;0.0;0.0:AIM
200;400;0;0;1;399;0;0;0;0;0;0;0;0;0;0;47;50;156;148;600;599;2.0;0.0;0.0;0.0025;0.9975;0.0;0.0;0.0;0.0;0.0;0.0;0.0;0.0;0.0;0.0;0.1175;0.125;0.39;0.37;0.5004170141784821;0.49958298582151794;0.0;0.0;1.0;0.0;0.0:AIM
200;400;0;0;1;399;0;0;0;0;0;0;0;0;0;0;47;41;147;166;600;599;2.0;0.0;0.0;0.0025;0.9975;0.0;0.0;0.0;0.0;0.0;0.0;0.0;0.0;0.0;0.0;0.1175;0.1025;0.3675;0.415;0.5004170141784821;0.49958298582151794;0.0;0.0;1.0;0.0;0.0:AIM
200;400;0;0;2;398;0;0;0;0;0;0;0;0;0;0;55;55;145;145;599;599;2.0;0.0;0.0;0.005;0.995;0.0;0.0;0.0;0.0;0.0;0.0;0.0;0.0;0.0;0.0;0.1375;0.1375;0.3625;0.3625;0.5;0.5;0.0;0.0;0.0;0.0;0.0:AIM
200;400;0;0;3;397;0;0;0;0;0;0;0;0;0;0;52;55;152;142;598;599;2.0;0.0;0.0;0.0075;0.9925;0.0;0.0;0.0;0.0;0.0;0.0;0.0;0.0;0.0;0.0;0.13;0.1375;0.38;0.355;0.49958228905597324;0.5004177109440268;0.0;0.0;0.0;0.0;0.0:AIM
200;400;0;0;1;399;0;0;0;0;0;0;0;0;0;0;60;59;140;142;599;600;2.0;0.0;0.0;0.0025;0.9975;0.0;0.0;0.0;0.0;0.0;0.0;0.0;0.0;0.0;0.0;0.15;0.1475;0.35;0.355;0.49958298582151794;0.5004170141784821;0.0;0.0;1.0;0.0;0.0:AIM
200;400;0;0;1;399;0;0;0;0;0;0;0;0;0;0;59;63;145;133;599;600;2.0;0.0;0.0;0.0025;0.9975;0.0;0.0;0.0;0.0;0.0;0.0;0.0;0.0;0.0;0.0;0.1475;0.1575;0.3625;0.3325;0.49958298582151794;0.5004170141784821;0.0;0.0;1.0;0.0;0.0:AIM
200;400;0;0;1;399;0;0;0;0;0;0;0;0;0;0;63;63;138;137;599;600;2.0;0.0;0.0;0.0025;0.9975;0.0;0.0;0.0;0.0;0.0;0.0;0.0;0.0;0.0;0.0;0.1575;0.1575;0.345;0.3425;0.49958298582151794;0.5004170141784821;0.0;0.0;1.0;0.0;0.0:AIM
200;400;0;0;2;398;0;0;0;0;0;0;0;0;0;0;63;65;140;133;598;600;2.0;0.0;0.0;0.005;0.995;0.0;0.0;0.0;0.0;0.0;0.0;0.0;0.0;0.0;0.0;0.1575;0.1625;0.35;0.3325;0.4991652754590985;0.5008347245409015;0.0;0.0;0.0;0.0;0.0:AIM
200;680;0;0;2;678;0;0;0;0;0;0;0;0;0;0;82;76;255;268;1017;1021;3.4;0.0;0.0;0.0029411764705882353;0.9970588235294118;0.0;0.0;0.0;0.0;0.0;0.0;0.0;0.0;0.0;0.0;0.12058823529411765;0.11176470588235295;0.375;0.3941176470588235;0.49901864573110893;0.5009813542688911;0.0;0.0;0.0;0.0;0.0:AIM
200;680;0;0;0;680;0;0;0;0;0;0;0;0;0;0;86;89;266;239;1011;1029;3.4;0.0;0.0;0.0;1.0;0.0;0.0;0.0;0.0;0.0;0.0;0.0;0.0;0.0;0.0;0.1264705882352941;0.13088235294117648;0.3911764705882353;0.3514705882352941;0.49558823529411766;0.5044117647058823;0.0;0.0;1.0;0.0;0.0:AIM
200;680;0;0;2;678;0;0;0;0;0;0;0;0;0;0;75;91;281;233;1019;1019;3.4;0.0;0.0;0.0029411764705882353;0.9970588235294118;0.0;0.0;0.0;0.0;0.0;0.0;0.0;0.0;0.0;0.0;0.11029411764705882;0.1338235294117647;0.41323529411764703;0.3426470588235294;0.5;0.5;0.0;0.0;0.0;0.0;0.0:AIM
200;680;0;0;2;678;0;0;0;0;0;0;0;0;0;0;80;91;273;238;1018;1020;3.4;0.0;0.0;0.0029411764705882353;0.9970588235294118;0.0;0.0;0.0;0.0;0.0;0.0;0.0;0.0;0.0;0.0;0.11764705882352941;0.1338235294117647;0.40147058823529413;0.35;0.49950932286555444;0.5004906771344455;0.0;0.0;0.0;0.0;0.0:AIM
200;1200;0;0;0;1200;0;0;0;0;0;0;0;0;0;0;149;148;450;453;1800;1800;6.0;0.0;0.0;0.0;1.0;0.0;0.0;0.0;0.0;0.0;0.0;0.0;0.0;0.0;0.0;0.12416666666666666;0.12333333333333334;0.375;0.3775;0.5;0.5;0.0;0.0;0.0;0.0;0.0:AIM
200;1200;0;0;8;1192;0;0;0;0;0;0;0;0;0;0;145;151;463;446;1797;1795;6.0;0.0;0.0;0.006666666666666667;0.9933333333333333;0.0;0.0;0.0;0.0;0.0;0.0;0.0;0.0;0.0;0.0;0.12083333333333333;0.12583333333333332;0.3858333333333333;0.37166666666666665;0.5002783964365256;0.4997216035634744;0.0;0.0;0.0;0.0;0.0:AIM
200;1200;0;0;5;1195;0;0;0;0;0;0;0;0;0;0;139;143;465;455;1798;1797;6.0;0.0;0.0;0.004166666666666667;0.9958333333333333;0.0;0.0;0.0;0.0;0.0;0.0;0.0;0.0;0.0;0.0;0.11583333333333333;0.11916666666666667;0.3875;0.37916666666666665;0.5001390820584145;0.49986091794158555;0.0;0.0;0.0;0.0;0.0:AIM
200;1200;0;0;7;1193;0;0;0;0;0;0;0;0;0;0;142;134;451;476;1797;1796;6.0;0.0;0.0;0.005833333333333334;0.9941666666666666;0.0;0.0;0.0;0.0;0.0;0.0;0.0;0.0;0.0;0.0;0.11833333333333333;0.11166666666666666;0.37583333333333335;0.39666666666666667;0.5001391594767604;0.49986084052323965;0.0;0.0;0.0;0.0;0.0:AIM
50;80;0;0;1;79;0;0;0;0;0;0;0;0;0;0;9;10;35;26;116;123;1.6;0.0;0.0;0.0125;0.9875;0.0;0.0;0.0;0.0;0.0;0.0;0.0;0.0;0.0;0.0;0.1125;0.125;0.4375;0.325;0.48535564853556484;0.5146443514644351;0.0;0.0;1.0;0.0;0.0:AIM
50;80;0;0;0;80;0;0;0;0;0;0;0;0;0;0;14;8;25;33;115;125;1.6;0.0;0.0;0.0;1.0;0.0;0.0;0.0;0.0;0.0;0.0;0.0;0.0;0.0;0.0;0.175;0.1;0.3125;0.4125;0.4791666666666667;0.5208333333333334;0.0;0.0;1.0;0.0;0.0:AIM
50;80;0;0;1;79;0;0;0;0;0;0;0;0;0;0;10;12;31;27;121;118;1.6;0.0;0.0;0.0125;0.9875;0.0;0.0;0.0;0.0;0.0;0.0;0.0;0.0;0.0;0.0;0.125;0.15;0.3875;0.3375;0.5062761506276151;0.49372384937238495;0.0;0.0;1.0;0.0;0.0:AIM
50;80;0;0;0;80;0;0;0;0;0;0;0;0;0;0;13;14;26;27;122;118;1.6;0.0;0.0;0.0;1.0;0.0;0.0;0.0;0.0;0.0;0.0;0.0;0.0;0.0;0.0;0.1625;0.175;0.325;0.3375;0.5083333333333333;0.49166666666666664;0.0;0.0;1.0;0.0;0.0:AIM
50;80;0;0;0;80;0;0;0;0;0;0;0;0;0;0;9;11;35;25;118;122;1.6;0.0;0.0;0.0;1.0;0.0;0.0;0.0;0.0;0.0;0.0;0.0;0.0;0.0;0.0;0.1125;0.1375;0.4375;0.3125;0.49166666666666664;0.5083333333333333;0.0;0.0;1.0;0.0;0.0:AIM
50;80;0;0;0;80;0;0;0;0;0;0;0;0;0;0;8;16;34;22;126;114;1.6;0.0;0.0;0.0;1.0;0.0;0.0;0.0;0.0;0.0;0.0;0.0;0.0;0.0;0.0;0.1;0.2;0.425;0.275;0.525;0.475;0.0;0.0;1.0;0.0;0.0:AIM
50;80;0;0;2;78;0;0;0;0;0;0;0;0;0;0;9;8;27;37;123;115;1.6;0.0;0.0;0.025;0.975;0.0;0.0;0.0;0.0;0.0;0.0;0.0;0.0;0.0;0.0;0.1125;0.1;0.3375;0.4625;0.5168067226890757;0.4831932773109244;0.0;0.0;0.0;0.0;0.0:AIM
50;80;0;0;2;78;0;0;0;0;0;0;0;0;0;0;7;10;38;25;116;122;1.6;0.0;0.0;0.025;0.975;0.0;0.0;0.0;0.0;0.0;0.0;0.0;0.0;0.0;0.0;0.0875;0.125;0.475;0.3125;0.48739495798319327;0.5126050420168067;0.0;0.0;0.0;0.0;0.0:AIM
50;100;0;0;0;100;0;0;0;0;0;0;0;0;0;0;14;13;35;38;150;150;2.0;0.0;0.0;0.0;1.0;0.0;0.0;0.0;0.0;0.0;0.0;0.0;0.0;0.0;0.0;0.14;0.13;0.35;0.38;0.5;0.5;0.0;0.0;0.0;0.0;0.0:AIM
50;100;0;0;0;100;0;0;0;0;0;0;0;0;0;0;11;12;40;37;150;150;2.0;0.0;0.0;0.0;1.0;0.0;0.0;0.0;0.0;0.0;0.0;0.0;0.0;0.0;0.0;0.11;0.12;0.4;0.37;0.5;0.5;0.0;0.0;0.0;0.0;0.0:AIM
50;100;0;0;0;100;0;0;0;0;0;0;0;0;0;0;12;14;40;34;150;150;2.0;0.0;0.0;0.0;1.0;0.0;0.0;0.0;0.0;0.0;0.0;0.0;0.0;0.0;0.0;0.12;0.14;0.4;0.34;0.5;0.5;0.0;0.0;0.0;0.0;0.0:AIM
50;100;0;0;3;97;0;0;0;0;0;0;0;0;0;0;15;11;32;43;148;149;2.0;0.0;0.0;0.03;0.97;0.0;0.0;0.0;0.0;0.0;0.0;0.0;0.0;0.0;0.0;0.15;0.11;0.32;0.43;0.4983164983164983;0.5016835016835017;0.0;0.0;0.0;0.0;0.0:AIM
50;100;0;0;0;100;0;0;0;0;0;0;0;0;0;0;16;14;32;38;150;150;2.0;0.0;0.0;0.0;1.0;0.0;0.0;0.0;0.0;0.0;0.0;0.0;0.0;0.0;0.0;0.16;0.14;0.32;0.38;0.5;0.5;0.0;0.0;0.0;0.0;0.0:AIM
50;100;0;0;1;99;0;0;0;0;0;0;0;0;0;0;16;10;29;46;149;150;2.0;0.0;0.0;0.01;0.99;0.0;0.0;0.0;0.0;0.0;0.0;0.0;0.0;0.0;0.0;0.16;0.1;0.29;0.46;0.4983277591973244;0.5016722408026756;0.0;0.0;1.0;0.0;0.0:AIM
50;100;0;0;0;100;0;0;0;0;0;0;0;0;0;0;16;17;35;32;150;150;2.0;0.0;0.0;0.0;1.0;0.0;0.0;0.0;0.0;0.0;0.0;0.0;0.0;0.0;0.0;0.16;0.17;0.35;0.32;0.5;0.5;0.0;0.0;0.0;0.0;0.0:AIM
50;100;0;0;1;99;0;0;0;0;0;0;0;0;0;0;17;13;29;41;149;150;2.0;0.0;0.0;0.01;0.99;0.0;0.0;0.0;0.0;0.0;0.0;0.0;0.0;0.0;0.0;0.17;0.13;0.29;0.41;0.4983277591973244;0.5016722408026756;0.0;0.0;1.0;0.0;0.0:AIM
50;170;0;0;0;170;0;0;0;0;0;0;0;0;0;0;17;22;72;59;256;254;3.4;0.0;0.0;0.0;1.0;0.0;0.0;0.0;0.0;0.0;0.0;0.0;0.0;0.0;0.0;0.1;0.12941176470588237;0.4235294117647059;0.34705882352941175;0.5019607843137255;0.4980392156862745;0.0;0.0;1.0;0.0;0.0:AIM
50;170;0;0;0;170;0;0;0;0;0;0;0;0;0;0;21;20;61;68;257;253;3.4;0.0;0.0;0.0;1.0;0.0;0.0;0.0;0.0;0.0;0.0;0.0;0.0;0.0;0.0;0.12352941176470589;0.11764705882352941;0.3588235294117647;0.4;0.503921568627451;0.49607843137254903;0.0;0.0;1.0;0.0;0.0:AIM
50;170;0;0;0;170;0;0;0;0;0;0;0;0;0;0;24;24;58;64;258;252;3.4;0.0;0.0;0.0;1.0;0.0;0.0;0.0;0.0;0.0;0.0;0.0;0.0;0.0;0.0;0.1411764705882353;0.1411764705882353;0.3411764705882353;0.3764705882352941;0.5058823529411764;0.49411764705882355;0.0;0.0;1.0;0.0;0.0:AIM
50;170;0;0;2;168;0;0;0;0;0;0;0;0;0;0;26;24;58;62;254;254;3.4;0.0;0.0;0.011764705882352941;0.9882352941176471;0.0;0.0;0.0;0.0;0.0;0.0;0.0;0.0;0.0;0.0;0.15294117647058825;0.1411764705882353;0.3411764705882353;0.36470588235294116;0.5;0.5;0.0;0.0;0.0;0.0;0.0:AIM
50;300;0;0;1;299;0;0;0;0;0;0;0;0;0;0;42;33;100;126;449;450;6.0;0.0;0.0;0.0033333333333333335;0.9966666666666667;0.0;0.0;0.0;0.0;0.0;0.0;0.0;0.0;0.0;0.0;0.14;0.11;0.3333333333333333;0.42;0.4994438264738598;0.5005561735261401;0.0;0.0;1.0;0.0;0.0:AIM
50;300;0;0;3;297;0;0;0;0;0;0;0;0;0;0;38;44;119;100;448;449;6.0;0.0;0.0;0.01;0.99;0.0;0.0;0.0;0.0;0.0;0.0;0.0;0.0;0.0;0.0;0.12666666666666668;0.14666666666666667;0.39666666666666667;0.3333333333333333;0.49944258639910816;0.5005574136008919;0.0;0.0;0.0;0.0;0.0:AIM
50;300;0;0;3;297;0;0;0;0;0;0;0;0;0;0;40;32;103;127;449;448;6.0;0.0;0.0;0.01;0.99;0.0;0.0;0.0;0.0;0.0;0.0;0.0;0.0;0.0;0.0;0.13333333333333333;0.10666666666666667;0.3433333333333333;0.42333333333333334;0.5005574136008919;0.49944258639910816;0.0;0.0;0.0;0.0;0.0:AIM
50;300;0;0;1;299;0;0;0;0;0;0;0;0;0;0;37;38;114;111;450;449;6.0;0.0;0.0;0.0033333333333333335;0.9966666666666667;0.0;0.0;0.0;0.0;0.0;0.0;0.0;0.0;0.0;0.0;0.12333333333333334;0.12666666666666668;0.38;0.37;0.5005561735261401;0.4994438264738598;0.0;0.0;1.0;0.0;0.0:AIM
