100;850;0;0;63;121;162;171;128;97;54;33;14;3;2;2;68;38;175;162;2164;2228;8.5;0.0;0.0;0.07411764705882352;0.1423529411764706;0.19058823529411764;0.2011764705882353;0.15058823529411763;0.11411764705882353;0.06352941176470588;0.03882352941176471;0.01647058823529412;0.0035294117647058825;0.002352941176470588;0.002352941176470588;0.08;0.04470588235294118;0.20588235294117646;0.19058823529411764;0.49271402550091076;0.5072859744990893;0.0;0.0;0.0;0.0;0.0:JNH
100;850;0;0;82;167;148;160;113;82;48;34;11;5;0;0;59;61;169;187;2158;2006;8.5;0.0;0.0;0.09647058823529411;0.19647058823529412;0.17411764705882352;0.18823529411764706;0.13294117647058823;0.09647058823529411;0.05647058823529412;0.04;0.012941176470588235;0.0058823529411764705;0.0;0.0;0.06941176470588235;0.07176470588235294;0.1988235294117647;0.22;0.5182516810758886;0.4817483189241114;0.0;0.0;0.0;0.0;0.0:JNH
100;850;0;0;67;155;211;150;87;85;50;31;11;3;0;0;54;72;149;168;2140;1992;8.5;0.0;0.0;0.07882352941176471;0.18235294117647058;0.24823529411764705;0.17647058823529413;0.10235294117647059;0.1;0.058823529411764705;0.036470588235294116;0.012941176470588235;0.0035294117647058825;0.0;0.0;0.06352941176470588;0.08470588235294117;0.17529411764705882;0.1976470588235294;0.5179090029041626;0.48209099709583736;0.0;0.0;0.0;0.0;0.0:JNH
100;850;0;0;76;161;152;165;118;85;50;32;9;2;0;0;48;69;174;191;2165;2006;8.5;0.0;0.0;0.08941176470588236;0.18941176470588236;0.17882352941176471;0.19411764705882353;0.1388235294117647;0.1;0.058823529411764705;0.03764705882352941;0.010588235294117647;0.002352941176470588;0.0;0.0;0.05647058823529412;0.0811764705882353;0.20470588235294118;0.22470588235294117;0.5190601774154879;0.4809398225845121;0.0;0.0;0.0;0.0;0.0:JNH
100;850;0;0;81;160;181;154;101;66;58;32;11;6;0;0;63;66;157;169;2140;1992;8.5;0.0;0.0;0.09529411764705882;0.18823529411764706;0.21294117647058824;0.1811764705882353;0.1188235294117647;0.07764705882352942;0.06823529411764706;0.03764705882352941;0.012941176470588235;0.007058823529411765;0.0;0.0;0.07411764705882352;0.07764705882352942;0.18470588235294116;0.1988235294117647;0.5179090029041626;0.48209099709583736;0.0;0.0;0.0;0.0;0.0:JNH
100;850;0;0;67;152;192;152;107;89;49;33;8;1;0;0;46;74;163;183;2156;2007;8.5;0.0;0.0;0.07882352941176471;0.17882352941176471;0.22588235294117648;0.17882352941176471;0.12588235294117647;0.10470588235294118;0.05764705882352941;0.03882352941176471;0.009411764705882352;0.001176470588235294;0.0;0.0;0.05411764705882353;0.08705882352941176;0.19176470588235295;0.21529411764705883;0.5178957482584674;0.48210425174153254;0.0;0.0;0.0;0.0;0.0:JNH
100;850;0;0;83;168;164;148;112;77;53;32;6;7;0;0;61;57;169;193;2138;1988;8.5;0.0;0.0;0.0976470588235294;0.1976470588235294;0.19294117647058823;0.17411764705882352;0.13176470588235295;0.09058823529411765;0.06235294117647059;0.03764705882352941;0.007058823529411765;0.00823529411764706;0.0;0.0;0.07176470588235294;0.06705882352941177;0.1988235294117647;0.22705882352941176;0.5181774115365972;0.4818225884634028;0.0;0.0;0.0;0.0;0.0:JNH
100;850;0;0;55;160;204;159;96;77;53;32;10;4;0;0;51;72;145;159;2156;2016;8.5;0.0;0.0;0.06470588235294118;0.18823529411764706;0.24;0.18705882352941178;0.11294117647058824;0.09058823529411765;0.06235294117647059;0.03764705882352941;0.011764705882352941;0.004705882352941176;0.0;0.0;0.06;0.08470588235294117;0.17058823529411765;0.18705882352941178;0.5167785234899329;0.48322147651006714;0.0;0.0;0.0;0.0;0.0:JNH
100;850;0;0;82;161;145;173;122;77;51;29;9;1;0;0;49;71;184;190;2144;1989;8.5;0.0;0.0;0.09647058823529411;0.18941176470588236;0.17058823529411765;0.20352941176470588;0.14352941176470588;0.09058823529411765;0.06;0.03411764705882353;0.010588235294117647;0.001176470588235294;0.0;0.0;0.05764705882352941;0.08352941176470588;0.2164705882352941;0.2235294117647059;0.5187515122187273;0.48124848778127266;0.0;0.0;0.0;0.0;0.0:JNH
100;850;0;0;75;160;179;161;93;77;48;40;10;7;0;0;62;62;152;167;2153;2016;8.5;0.0;0.0;0.08823529411764706;0.18823529411764706;0.21058823529411766;0.18941176470588236;0.10941176470588235;0.09058823529411765;0.05647058823529412;0.047058823529411764;0.011764705882352941;0.00823529411764706;0.0;0.0;0.07294117647058823;0.07294117647058823;0.17882352941176471;0.19647058823529412;0.5164307987526985;0.4835692012473015;0.0;0.0;0.0;0.0;0.0:JNH
100;850;0;0;61;168;178;162;112;75;53;33;6;2;0;0;50;75;159;180;2154;1994;8.5;0.0;0.0;0.07176470588235294;0.1976470588235294;0.20941176470588235;0.19058823529411764;0.13176470588235295;0.08823529411764706;0.06235294117647059;0.03882352941176471;0.007058823529411765;0.002352941176470588;0.0;0.0;0.058823529411764705;0.08823529411764706;0.18705882352941178;0.21176470588235294;0.5192864030858245;0.48071359691417553;0.0;0.0;0.0;0.0;0.0:JNH
100;850;0;0;77;153;152;158;127;92;50;35;6;0;0;0;55;63;160;181;2155;2037;8.5;0.0;0.0;0.09058823529411765;0.18;0.17882352941176471;0.18588235294117647;0.14941176470588236;0.10823529411764705;0.058823529411764705;0.041176470588235294;0.007058823529411765;0.0;0.0;0.0;0.06470588235294118;0.07411764705882352;0.18823529411764706;0.21294117647058824;0.514074427480916;0.48592557251908397;0.0;0.0;0.0;0.0;0.0:JNH
100;850;0;0;82;162;158;160;106;85;51;33;7;6;0;0;59;59;170;187;2148;2006;8.5;0.0;0.0;0.09647058823529411;0.19058823529411764;0.18588235294117647;0.18823529411764706;0.12470588235294118;0.1;0.06;0.03882352941176471;0.00823529411764706;0.007058823529411765;0.0;0.0;0.06941176470588235;0.06941176470588235;0.2;0.22;0.5170919595570534;0.48290804044294655;0.0;0.0;0.0;0.0;0.0:JNH
100;800;0;0;56;112;156;162;118;92;51;32;14;3;2;2;62;35;162;155;2053;2101;8.0;0.0;0.0;0.07;0.14;0.195;0.2025;0.1475;0.115;0.06375;0.04;0.0175;0.00375;0.0025;0.0025;0.0775;0.04375;0.2025;0.19375;0.49422243620606643;0.5057775637939336;0.0;0.0;0.0;0.0;0.0:JNH
100;800;0;0;71;141;141;149;123;91;48;31;5;0;0;0;54;57;155;161;2016;1946;8.0;0.0;0.0;0.08875;0.17625;0.17625;0.18625;0.15375;0.11375;0.06;0.03875;0.00625;0.0;0.0;0.0;0.0675;0.07125;0.19375;0.20125;0.508833922261484;0.4911660777385159;0.0;0.0;0.0;0.0;0.0:JNH
100;800;0;0;77;160;157;138;99;66;51;37;8;7;0;0;58;57;147;169;2029;1877;8.0;0.0;0.0;0.09625;0.2;0.19625;0.1725;0.12375;0.0825;0.06375;0.04625;0.01;0.00875;0.0;0.0;0.0725;0.07125;0.18375;0.21125;0.5194572452636969;0.48054275473630315;0.0;0.0;0.0;0.0;0.0:JNH
100;800;0;0;57;152;177;156;91;79;49;27;10;2;0;0;52;69;131;165;2028;1886;8.0;0.0;0.0;0.07125;0.19;0.22125;0.195;0.11375;0.09875;0.06125;0.03375;0.0125;0.0025;0.0;0.0;0.065;0.08625;0.16375;0.20625;0.5181400102197241;0.48185998978027594;0.0;0.0;0.0;0.0;0.0:JNH
100;800;0;0;74;154;141;153;115;80;41;28;12;2;0;0;48;63;165;174;2028;1883;8.0;0.0;0.0;0.0925;0.1925;0.17625;0.19125;0.14375;0.1;0.05125;0.035;0.015;0.0025;0.0;0.0;0.06;0.07875;0.20625;0.2175;0.5185374584505241;0.4814625415494758;0.0;0.0;0.0;0.0;0.0:JNH
100;800;0;0;73;147;177;142;94;73;44;33;11;6;0;0;59;62;137;156;2018;1887;8.0;0.0;0.0;0.09125;0.18375;0.22125;0.1775;0.1175;0.09125;0.055;0.04125;0.01375;0.0075;0.0;0.0;0.07375;0.0775;0.17125;0.195;0.5167733674775928;0.48322663252240716;0.0;0.0;0.0;0.0;0.0:JNH
100;800;0;0;58;147;169;152;109;81;44;31;8;1;0;0;43;68;151;165;2038;1898;8.0;0.0;0.0;0.0725;0.18375;0.21125;0.19;0.13625;0.10125;0.055;0.03875;0.01;0.00125;0.0;0.0;0.05375;0.085;0.18875;0.20625;0.5177845528455285;0.48221544715447157;0.0;0.0;0.0;0.0;0.0:JNH
100;800;0;0;78;160;139;149;104;78;46;32;9;5;0;0;55;60;158;168;2026;1882;8.0;0.0;0.0;0.0975;0.2;0.17375;0.18625;0.13;0.0975;0.0575;0.04;0.01125;0.00625;0.0;0.0;0.06875;0.075;0.1975;0.21;0.5184237461617196;0.48157625383828045;0.0;0.0;0.0;0.0;0.0:JNH
100;800;0;0;60;149;188;148;94;70;46;32;10;3;0;0;51;67;128;163;2029;1873;8.0;0.0;0.0;0.075;0.18625;0.235;0.185;0.1175;0.0875;0.0575;0.04;0.0125;0.00375;0.0;0.0;0.06375;0.08375;0.16;0.20375;0.5199897488467452;0.48001025115325474;0.0;0.0;0.0;0.0;0.0:JNH
100;800;0;0;66;151;149;163;111;78;41;31;10;0;0;0;47;62;170;180;2028;1887;8.0;0.0;0.0;0.0825;0.18875;0.18625;0.20375;0.13875;0.0975;0.05125;0.03875;0.0125;0.0;0.0;0.0;0.05875;0.0775;0.2125;0.225;0.518007662835249;0.481992337164751;0.0;0.0;0.0;0.0;0.0:JNH
100;800;0;0;84;157;152;139;98;71;53;30;9;7;0;0;58;58;155;168;2010;1878;8.0;0.0;0.0;0.105;0.19625;0.19;0.17375;0.1225;0.08875;0.06625;0.0375;0.01125;0.00875;0.0;0.0;0.0725;0.0725;0.19375;0.21;0.5169753086419753;0.48302469135802467;0.0;0.0;0.0;0.0;0.0:JNH
100;800;0;0;54;148;191;145;87;84;50;30;10;1;0;0;44;72;144;161;2036;1896;8.0;0.0;0.0;0.0675;0.185;0.23875;0.18125;0.10875;0.105;0.0625;0.0375;0.0125;0.00125;0.0;0.0;0.055;0.09;0.18;0.20125;0.5178026449643948;0.4821973550356053;0.0;0.0;0.0;0.0;0.0:JNH
100;800;0;0;76;151;144;157;110;75;49;26;9;3;0;0;51;61;162;174;2023;1877;8.0;0.0;0.0;0.095;0.18875;0.18;0.19625;0.1375;0.09375;0.06125;0.0325;0.01125;0.00375;0.0;0.0;0.06375;0.07625;0.2025;0.2175;0.5187179487179487;0.48128205128205126;0.0;0.0;0.0;0.0;0.0:JNH
100;800;0;0;71;148;185;140;89;71;46;34;11;5;0;0;57;63;136;162;2021;1875;8.0;0.0;0.0;0.08875;0.185;0.23125;0.175;0.11125;0.08875;0.0575;0.0425;0.01375;0.00625;0.0;0.0;0.07125;0.07875;0.17;0.2025;0.5187371663244353;0.48126283367556466;0.0;0.0;0.0;0.0;0.0:JNH
100;800;0;0;67;146;168;148;109;80;46;29;6;1;0;0;44;72;168;173;2018;1880;8.0;0.0;0.0;0.08375;0.1825;0.21;0.185;0.13625;0.1;0.0575;0.03625;0.0075;0.00125;0.0;0.0;0.055;0.09;0.21;0.21625;0.5177013853258081;0.4822986146741919;0.0;0.0;0.0;0.0;0.0:JNH
100;800;0;0;81;155;159;135;101;71;54;32;5;7;0;0;58;51;158;181;2010;1878;8.0;0.0;0.0;0.10125;0.19375;0.19875;0.16875;0.12625;0.08875;0.0675;0.04;0.00625;0.00875;0.0;0.0;0.0725;0.06375;0.1975;0.22625;0.5169753086419753;0.48302469135802467;0.0;0.0;0.0;0.0;0.0:JNH
100;800;0;0;48;151;192;151;92;74;49;29;10;4;0;0;47;69;132;148;2040;1899;8.0;0.0;0.0;0.06;0.18875;0.24;0.18875;0.115;0.0925;0.06125;0.03625;0.0125;0.005;0.0;0.0;0.05875;0.08625;0.165;0.185;0.5178979436405179;0.4821020563594821;0.0;0.0;0.0;0.0;0.0:JNH
100;800;0;0;76;152;133;162;118;74;47;28;9;1;0;0;45;68;175;174;2027;1878;8.0;0.0;0.0;0.095;0.19;0.16625;0.2025;0.1475;0.0925;0.05875;0.035;0.01125;0.00125;0.0;0.0;0.05625;0.085;0.21875;0.2175;0.519078104993598;0.48092189500640203;0.0;0.0;0.0;0.0;0.0:JNH
100;800;0;0;76;156;166;146;91;67;45;37;9;7;0;0;61;58;144;165;2015;1874;8.0;0.0;0.0;0.095;0.195;0.2075;0.1825;0.11375;0.08375;0.05625;0.04625;0.01125;0.00875;0.0;0.0;0.07625;0.0725;0.18;0.20625;0.5181280534841861;0.48187194651581383;0.0;0.0;0.0;0.0;0.0:JNH
100;800;0;0;52;151;179;158;96;75;51;31;5;2;0;0;46;70;143;166;2030;1893;8.0;0.0;0.0;0.065;0.18875;0.22375;0.1975;0.12;0.09375;0.06375;0.03875;0.00625;0.0025;0.0;0.0;0.0575;0.0875;0.17875;0.2075;0.5174611266887587;0.4825388733112414;0.0;0.0;0.0;0.0;0.0:JNH
100;850;0;0;79;163;170;157;97;75;56;36;10;7;0;0;64;60;153;169;2149;2019;8.5;0.0;0.0;0.09294117647058824;0.19176470588235295;0.2;0.18470588235294116;0.11411764705882353;0.08823529411764706;0.06588235294117648;0.042352941176470586;0.011764705882352941;0.00823529411764706;0.0;0.0;0.07529411764705882;0.07058823529411765;0.18;0.1988235294117647;0.5155950095969289;0.484404990403071;0.0;0.0;0.0;0.0;0.0:JNH
100;900;0;0;65;127;174;177;139;105;59;33;14;3;2;2;73;41;181;170;2295;2359;9.0;0.0;0.0;0.07222222222222222;0.1411111111111111;0.19333333333333333;0.19666666666666666;0.15444444444444444;0.11666666666666667;0.06555555555555556;0.03666666666666667;0.015555555555555555;0.0033333333333333335;0.0022222222222222222;0.0022222222222222222;0.0811111111111111;0.04555555555555556;0.2011111111111111;0.18888888888888888;0.49312419424151266;0.5068758057584873;0.0;0.0;0.0;0.0;0.0:JNH
100;900;0;0;83;164;155;175;129;93;54;39;8;0;0;0;57;64;172;194;2284;2157;9.0;0.0;0.0;0.09222222222222222;0.18222222222222223;0.17222222222222222;0.19444444444444445;0.14333333333333334;0.10333333333333333;0.06;0.043333333333333335;0.008888888888888889;0.0;0.0;0.0;0.06333333333333334;0.07111111111111111;0.19111111111111112;0.21555555555555556;0.5142985814005855;0.48570141859941457;0.0;0.0;0.0;0.0;0.0:JNH
100;900;0;0;79;180;190;162;100;80;56;34;11;8;0;0;69;71;155;180;2268;2112;9.0;0.0;0.0;0.08777777777777777;0.2;0.2111111111111111;0.18;0.1111111111111111;0.08888888888888889;0.06222222222222222;0.03777777777777778;0.012222222222222223;0.008888888888888889;0.0;0.0;0.07666666666666666;0.07888888888888888;0.17222222222222222;0.2;0.5178082191780822;0.4821917808219178;0.0;0.0;0.0;0.0;0.0:JNH
100;900;0;0;70;166;185;172;123;88;51;34;10;1;0;0;50;75;172;192;2292;2125;9.0;0.0;0.0;0.07777777777777778;0.18444444444444444;0.20555555555555555;0.19111111111111112;0.13666666666666666;0.09777777777777778;0.056666666666666664;0.03777777777777778;0.011111111111111112;0.0011111111111111111;0.0;0.0;0.05555555555555555;0.08333333333333333;0.19111111111111112;0.21333333333333335;0.518904233642744;0.48109576635725604;0.0;0.0;0.0;0.0;0.0:JNH
100;900;0;0;89;173;173;157;118;83;46;42;12;7;0;0;63;65;170;186;2279;2127;9.0;0.0;0.0;0.09888888888888889;0.1922222222222222;0.1922222222222222;0.17444444444444446;0.13111111111111112;0.09222222222222222;0.051111111111111114;0.04666666666666667;0.013333333333333334;0.0077777777777777776;0.0;0.0;0.07;0.07222222222222222;0.18888888888888888;0.20666666666666667;0.5172492056286881;0.48275079437131185;0.0;0.0;0.0;0.0;0.0:JNH
100;900;0;0;62;163;208;167;110;93;53;32;10;2;0;0;52;78;152;179;2290;2135;9.0;0.0;0.0;0.06888888888888889;0.1811111111111111;0.2311111111111111;0.18555555555555556;0.12222222222222222;0.10333333333333333;0.058888888888888886;0.035555555555555556;0.011111111111111112;0.0022222222222222222;0.0;0.0;0.057777777777777775;0.08666666666666667;0.1688888888888889;0.1988888888888889;0.5175141242937853;0.4824858757062147;0.0;0.0;0.0;0.0;0.0:JNH
100;900;0;0;89;181;152;174;120;90;49;30;11;4;0;0;61;70;185;198;2269;2096;9.0;0.0;0.0;0.09888888888888889;0.2011111111111111;0.1688888888888889;0.19333333333333333;0.13333333333333333;0.1;0.05444444444444444;0.03333333333333333;0.012222222222222223;0.0044444444444444444;0.0;0.0;0.06777777777777778;0.07777777777777778;0.20555555555555555;0.22;0.5198167239404353;0.48018327605956473;0.0;0.0;0.0;0.0;0.0:JNH
100;900;0;0;67;168;208;165;108;78;52;39;11;4;0;0;57;74;147;177;2288;2122;9.0;0.0;0.0;0.07444444444444444;0.18666666666666668;0.2311111111111111;0.18333333333333332;0.12;0.08666666666666667;0.057777777777777775;0.043333333333333335;0.012222222222222223;0.0044444444444444444;0.0;0.0;0.06333333333333334;0.08222222222222222;0.16333333333333333;0.19666666666666666;0.5188208616780046;0.4811791383219955;0.0;0.0;0.0;0.0;0.0:JNH
100;900;0;0;77;170;163;178;127;90;50;34;10;1;0;0;52;69;187;200;2285;2130;9.0;0.0;0.0;0.08555555555555555;0.18888888888888888;0.1811111111111111;0.19777777777777777;0.1411111111111111;0.1;0.05555555555555555;0.03777777777777778;0.011111111111111112;0.0011111111111111111;0.0;0.0;0.057777777777777775;0.07666666666666666;0.20777777777777778;0.2222222222222222;0.5175537938844847;0.4824462061155153;0.0;0.0;0.0;0.0;0.0:JNH
100;900;0;0;85;175;188;165;97;81;58;33;11;7;0;0;65;70;168;182;2260;2109;9.0;0.0;0.0;0.09444444444444444;0.19444444444444445;0.2088888888888889;0.18333333333333332;0.10777777777777778;0.09;0.06444444444444444;0.03666666666666667;0.012222222222222223;0.0077777777777777776;0.0;0.0;0.07222222222222222;0.07777777777777778;0.18666666666666668;0.20222222222222222;0.5172808422980087;0.4827191577019913;0.0;0.0;0.0;0.0;0.0:JNH
100;850;0;0;60;163;184;163;105;83;52;29;9;2;0;0;49;73;149;183;2164;1996;8.5;0.0;0.0;0.07058823529411765;0.19176470588235295;0.2164705882352941;0.19176470588235295;0.12352941176470589;0.0976470588235294;0.0611764705882353;0.03411764705882353;0.010588235294117647;0.002352941176470588;0.0;0.0;0.05764705882352941;0.08588235294117647;0.17529411764705882;0.21529411764705883;0.5201923076923077;0.4798076923076923;0.0;0.0;0.0;0.0;0.0:JNH
100;850;0;0;83;161;157;150;120;86;42;35;12;4;0;0;58;62;173;179;2152;2012;8.5;0.0;0.0;0.0976470588235294;0.18941176470588236;0.18470588235294116;0.17647058823529413;0.1411764705882353;0.1011764705882353;0.04941176470588235;0.041176470588235294;0.01411764705882353;0.004705882352941176;0.0;0.0;0.06823529411764706;0.07294117647058823;0.20352941176470588;0.21058823529411766;0.5168107588856868;0.48318924111431316;0.0;0.0;0.0;0.0;0.0:JNH
100;850;0;0;65;157;203;151;100;78;46;32;13;5;0;0;55;73;133;167;2158;1997;8.5;0.0;0.0;0.07647058823529412;0.18470588235294116;0.2388235294117647;0.1776470588235294;0.11764705882352941;0.09176470588235294;0.05411764705882353;0.03764705882352941;0.015294117647058824;0.0058823529411764705;0.0;0.0;0.06470588235294118;0.08588235294117647;0.1564705882352941;0.19647058823529412;0.5193742478941035;0.48062575210589653;0.0;0.0;0.0;0.0;0.0:JNH
100;850;0;0;70;167;147;175;120;84;44;34;9;0;0;0;50;68;175;182;2152;2008;8.5;0.0;0.0;0.08235294117647059;0.19647058823529412;0.17294117647058824;0.20588235294117646;0.1411764705882353;0.0988235294117647;0.05176470588235294;0.04;0.010588235294117647;0.0;0.0;0.0;0.058823529411764705;0.08;0.20588235294117646;0.21411764705882352;0.5173076923076924;0.4826923076923077;0.0;0.0;0.0;0.0;0.0:JNH
100;850;0;0;83;165;164;154;106;76;51;34;9;8;0;0;58;66;155;172;2157;1990;8.5;0.0;0.0;0.0976470588235294;0.19411764705882353;0.19294117647058823;0.1811764705882353;0.12470588235294118;0.08941176470588236;0.06;0.04;0.010588235294117647;0.009411764705882352;0.0;0.0;0.06823529411764706;0.07764705882352942;0.18235294117647058;0.2023529411764706;0.5201350373764166;0.4798649626235833;0.0;0.0;0.0;0.0;0.0:JNH
100;850;0;0;60;156;194;160;107;82;52;30;9;0;0;0;49;72;160;178;2147;2009;8.5;0.0;0.0;0.07058823529411765;0.18352941176470589;0.22823529411764706;0.18823529411764706;0.12588235294117647;0.09647058823529411;0.0611764705882353;0.03529411764705882;0.010588235294117647;0.0;0.0;0.0;0.05764705882352941;0.08470588235294117;0.18823529411764706;0.20941176470588235;0.5166025024061598;0.4833974975938402;0.0;0.0;0.0;0.0;0.0:JNH
