317;2528;1264;122;1142;0;0;0;0;0;0;0;0;0;0;0;1624;1597;571;571;1175;1231;7.974763406940063;0.5;0.048259493670886076;0.45174050632911394;0.0;0.0;0.0;0.0;0.0;0.0;0.0;0.0;0.0;0.0;0.0;0.6424050632911392;0.6317246835443038;0.22587025316455697;0.22587025316455697;0.48836242726517043;0.5116375727348296;0.0;0.0;0.0;0.0;0.0:PARITY
1015;6620;3386;990;2244;0;0;0;0;0;0;0;0;0;0;0;4346;4538;1122;1122;2739;2739;6.522167487684729;0.5114803625377643;0.14954682779456194;0.33897280966767374;0.0;0.0;0.0;0.0;0.0;0.0;0.0;0.0;0.0;0.0;0.0;0.6564954682779456;0.6854984894259819;0.16948640483383687;0.16948640483383687;0.5;0.5;0.0;0.0;0.0;0.0;0.0:PARITY
349;2784;1392;122;1270;0;0;0;0;0;0;0;0;0;0;0;1784;1757;635;635;1303;1359;7.977077363896848;0.5;0.04382183908045977;0.4561781609195402;0.0;0.0;0.0;0.0;0.0;0.0;0.0;0.0;0.0;0.0;0.0;0.6408045977011494;0.6311063218390804;0.2280890804597701;0.2280890804597701;0.4894815927873779;0.5105184072126221;0.0;0.0;0.0;0.0;0.0:PARITY
1015;6748;3450;926;2372;0;0;0;0;0;0;0;0;0;0;0;4410;4602;1186;1186;2835;2835;6.6482758620689655;0.511262596324837;0.13722584469472437;0.3515115589804386;0.0;0.0;0.0;0.0;0.0;0.0;0.0;0.0;0.0;0.0;0.0;0.6535269709543569;0.6819798458802608;0.1757557794902193;0.1757557794902193;0.5;0.5;0.0;0.0;0.0;0.0;0.0:PARITY
334;2664;1332;122;1210;0;0;0;0;0;0;0;0;0;0;0;1709;1682;605;605;1243;1299;7.976047904191617;0.5;0.0457957957957958;0.4542042042042042;0.0;0.0;0.0;0.0;0.0;0.0;0.0;0.0;0.0;0.0;0.0;0.6415165165165165;0.6313813813813813;0.2271021021021021;0.2271021021021021;0.488985051140834;0.511014948859166;0.0;0.0;0.0;0.0;0.0:PARITY
1015;6688;3420;956;2312;0;0;0;0;0;0;0;0;0;0;0;4380;4572;1156;1156;2790;2790;6.589162561576354;0.5113636363636364;0.14294258373205743;0.3456937799043062;0.0;0.0;0.0;0.0;0.0;0.0;0.0;0.0;0.0;0.0;0.0;0.6549043062200957;0.6836124401913876;0.1728468899521531;0.1728468899521531;0.5;0.5;0.0;0.0;0.0;0.0;0.0:PARITY
324;2584;1292;122;1170;0;0;0;0;0;0;0;0;0;0;0;1659;1632;585;585;1203;1259;7.9753086419753085;0.5;0.04721362229102167;0.45278637770897834;0.0;0.0;0.0;0.0;0.0;0.0;0.0;0.0;0.0;0.0;0.0;0.6420278637770898;0.631578947368421;0.22639318885448917;0.22639318885448917;0.48862713241267264;0.5113728675873274;0.0;0.0;0.0;0.0;0.0:PARITY
1015;6648;3400;976;2272;0;0;0;0;0;0;0;0;0;0;0;4360;4552;1136;1136;2760;2760;6.54975369458128;0.5114320096269555;0.14681107099879662;0.3417569193742479;0.0;0.0;0.0;0.0;0.0;0.0;0.0;0.0;0.0;0.0;0.0;0.6558363417569194;0.6847172081829122;0.17087845968712395;0.17087845968712395;0.5;0.5;0.0;0.0;0.0;0.0;0.0:PARITY
341;2720;1360;122;1238;0;0;0;0;0;0;0;0;0;0;0;1744;1717;619;619;1271;1327;7.976539589442815;0.5;0.04485294117647059;0.4551470588235294;0.0;0.0;0.0;0.0;0.0;0.0;0.0;0.0;0.0;0.0;0.0;0.6411764705882353;0.63125;0.2275735294117647;0.2275735294117647;0.48922247882986913;0.5107775211701309;0.0;0.0;0.0;0.0;0.0:PARITY
1015;6716;3434;942;2340;0;0;0;0;0;0;0;0;0;0;0;4394;4586;1170;1170;2811;2811;6.616748768472906;0.51131625967838;0.1402620607504467;0.3484216795711733;0.0;0.0;0.0;0.0;0.0;0.0;0.0;0.0;0.0;0.0;0.0;0.6542584871947588;0.6828469326980345;0.17421083978558666;0.17421083978558666;0.5;0.5;0.0;0.0;0.0;0.0;0.0:PARITY
1315;10508;5254;372;4882;0;0;0;0;0;0;0;0;0;0;0;6658;6663;2441;2441;5010;5126;7.990874524714829;0.5;0.03540159878188047;0.4645984012181195;0.0;0.0;0.0;0.0;0.0;0.0;0.0;0.0;0.0;0.0;0.0;0.6336124857251618;0.6340883136657784;0.23229920060905976;0.23229920060905976;0.4942778216258879;0.505722178374112;0.0;0.0;0.0;0.0;0.0:PARITY
3176;20554;10418;3048;7088;0;0;0;0;0;0;0;0;0;0;0;13490;13938;3544;3544;8612;8612;6.471662468513854;0.5068599785929746;0.14829230320132333;0.34484771820570204;0.0;0.0;0.0;0.0;0.0;0.0;0.0;0.0;0.0;0.0;0.0;0.6563199377250171;0.6781161817651066;0.17242385910285102;0.17242385910285102;0.5;0.5;0.0;0.0;0.0;0.0;0.0:PARITY
1303;10412;5206;372;4834;0;0;0;0;0;0;0;0;0;0;0;6598;6603;2417;2417;4962;5078;7.990790483499616;0.5;0.03572800614675375;0.46427199385324625;0.0;0.0;0.0;0.0;0.0;0.0;0.0;0.0;0.0;0.0;0.0;0.6336918939684979;0.634172109104879;0.23213599692662312;0.23213599692662312;0.4942231075697211;0.5057768924302789;0.0;0.0;0.0;0.0;0.0:PARITY
3176;20506;10394;3072;7040;0;0;0;0;0;0;0;0;0;0;0;13466;13914;3520;3520;8576;8576;6.456549118387909;0.5068760362820638;0.149809811762411;0.3433141519555252;0.0;0.0;0.0;0.0;0.0;0.0;0.0;0.0;0.0;0.0;0.0;0.6566858480444748;0.6785331122598264;0.1716570759777626;0.1716570759777626;0.5;0.5;0.0;0.0;0.0;0.0;0.0:PARITY
1325;10588;5294;372;4922;0;0;0;0;0;0;0;0;0;0;0;6708;6713;2461;2461;5050;5166;7.990943396226415;0.5;0.03513411409142425;0.46486588590857575;0.0;0.0;0.0;0.0;0.0;0.0;0.0;0.0;0.0;0.0;0.0;0.6335474121647148;0.6340196448809974;0.23243294295428787;0.23243294295428787;0.4943226311667972;0.5056773688332028;0.0;0.0;0.0;0.0;0.0:PARITY
3176;20594;10438;3028;7128;0;0;0;0;0;0;0;0;0;0;0;13510;13958;3564;3564;8642;8642;6.484256926952141;0.5068466543653491;0.14703311644168204;0.3461202291929688;0.0;0.0;0.0;0.0;0.0;0.0;0.0;0.0;0.0;0.0;0.0;0.6560163154316792;0.6777702243371856;0.1730601145964844;0.1730601145964844;0.5;0.5;0.0;0.0;0.0;0.0;0.0:PARITY
1333;10652;5326;372;4954;0;0;0;0;0;0;0;0;0;0;0;6748;6753;2477;2477;5082;5198;7.990997749437359;0.5;0.034923019151333085;0.46507698084866694;0.0;0.0;0.0;0.0;0.0;0.0;0.0;0.0;0.0;0.0;0.0;0.6334960570784829;0.6339654524971836;0.23253849042433347;0.23253849042433347;0.4943579766536965;0.5056420233463035;0.0;0.0;0.0;0.0;0.0:PARITY
3176;20626;10454;3012;7160;0;0;0;0;0;0;0;0;0;0;0;13526;13974;3580;3580;8666;8666;6.494332493702771;0.5068360321923786;0.14602928342868224;0.3471346843789392;0.0;0.0;0.0;0.0;0.0;0.0;0.0;0.0;0.0;0.0;0.0;0.655774265490158;0.6774944245127509;0.1735673421894696;0.1735673421894696;0.5;0.5;0.0;0.0;0.0;0.0;0.0:PARITY
1339;10700;5350;372;4978;0;0;0;0;0;0;0;0;0;0;0;6778;6783;2489;2489;5106;5222;7.991038088125467;0.5;0.034766355140186916;0.4652336448598131;0.0;0.0;0.0;0.0;0.0;0.0;0.0;0.0;0.0;0.0;0.0;0.6334579439252337;0.6339252336448599;0.23261682242990656;0.23261682242990656;0.49438419829589464;0.5056158017041054;0.0;0.0;0.0;0.0;0.0:PARITY
3176;20650;10466;3000;7184;0;0;0;0;0;0;0;0;0;0;0;13538;13986;3592;3592;8684;8684;6.501889168765743;0.5068280871670702;0.14527845036319612;0.3478934624697337;0.0;0.0;0.0;0.0;0.0;0.0;0.0;0.0;0.0;0.0;0.0;0.655593220338983;0.6772881355932203;0.17394673123486684;0.17394673123486684;0.5;0.5;0.0;0.0;0.0;0.0;0.0:PARITY
64;508;254;30;224;0;0;0;0;0;0;0;0;0;0;0;339;311;112;112;225;253;7.9375;0.5;0.05905511811023622;0.4409448818897638;0.0;0.0;0.0;0.0;0.0;0.0;0.0;0.0;0.0;0.0;0.0;0.6673228346456693;0.6122047244094488;0.2204724409448819;0.2204724409448819;0.4707112970711297;0.5292887029288703;0.0;0.0;0.0;0.0;0.0:PARITY
350;2298;1192;334;772;0;0;0;0;0;0;0;0;0;0;0;1512;1592;386;386;939;939;6.565714285714286;0.5187119234116623;0.1453437771975631;0.3359442993907746;0.0;0.0;0.0;0.0;0.0;0.0;0.0;0.0;0.0;0.0;0.0;0.6579634464751958;0.6927763272410792;0.1679721496953873;0.1679721496953873;0.5;0.5;0.0;0.0;0.0;0.0;0.0:PARITY
68;540;270;30;240;0;0;0;0;0;0;0;0;0;0;0;359;331;120;120;241;269;7.9411764705882355;0.5;0.05555555555555555;0.4444444444444444;0.0;0.0;0.0;0.0;0.0;0.0;0.0;0.0;0.0;0.0;0.0;0.6648148148148149;0.6129629629629629;0.2222222222222222;0.2222222222222222;0.4725490196078431;0.5274509803921569;0.0;0.0;0.0;0.0;0.0:PARITY
350;2314;1200;326;788;0;0;0;0;0;0;0;0;0;0;0;1520;1600;394;394;951;951;6.611428571428571;0.5185825410544511;0.14088159031979255;0.34053586862575624;0.0;0.0;0.0;0.0;0.0;0.0;0.0;0.0;0.0;0.0;0.0;0.6568712186689715;0.6914433880726015;0.17026793431287812;0.17026793431287812;0.5;0.5;0.0;0.0;0.0;0.0;0.0:PARITY
75;596;298;30;268;0;0;0;0;0;0;0;0;0;0;0;394;366;134;134;269;297;7.946666666666666;0.5;0.050335570469798654;0.44966442953020136;0.0;0.0;0.0;0.0;0.0;0.0;0.0;0.0;0.0;0.0;0.0;0.6610738255033557;0.6140939597315436;0.22483221476510068;0.22483221476510068;0.4752650176678445;0.5247349823321554;0.0;0.0;0.0;0.0;0.0:PARITY
350;2342;1214;312;816;0;0;0;0;0;0;0;0;0;0;0;1534;1614;408;408;972;972;6.691428571428571;0.5183603757472246;0.1332194705380017;0.3484201537147737;0.0;0.0;0.0;0.0;0.0;0.0;0.0;0.0;0.0;0.0;0.0;0.6549957301451751;0.6891545687446626;0.17421007685738685;0.17421007685738685;0.5;0.5;0.0;0.0;0.0;0.0;0.0:PARITY
67;532;266;30;236;0;0;0;0;0;0;0;0;0;0;0;354;326;118;118;237;265;7.940298507462686;0.5;0.05639097744360902;0.44360902255639095;0.0;0.0;0.0;0.0;0.0;0.0;0.0;0.0;0.0;0.0;0.0;0.6654135338345865;0.6127819548872181;0.22180451127819548;0.22180451127819548;0.4721115537848606;0.5278884462151394;0.0;0.0;0.0;0.0;0.0:PARITY
350;2310;1198;328;784;0;0;0;0;0;0;0;0;0;0;0;1518;1598;392;392;948;948;6.6;0.5186147186147186;0.141991341991342;0.3393939393939394;0.0;0.0;0.0;0.0;0.0;0.0;0.0;0.0;0.0;0.0;0.0;0.6571428571428571;0.6917748917748918;0.1696969696969697;0.1696969696969697;0.5;0.5;0.0;0.0;0.0;0.0;0.0:PARITY
75;596;298;30;268;0;0;0;0;0;0;0;0;0;0;0;394;366;134;134;269;297;7.946666666666666;0.5;0.050335570469798654;0.44966442953020136;0.0;0.0;0.0;0.0;0.0;0.0;0.0;0.0;0.0;0.0;0.0;0.6610738255033557;0.6140939597315436;0.22483221476510068;0.22483221476510068;0.4752650176678445;0.5247349823321554;0.0;0.0;0.0;0.0;0.0:PARITY
350;2342;1214;312;816;0;0;0;0;0;0;0;0;0;0;0;1534;1614;408;408;972;972;6.691428571428571;0.5183603757472246;0.1332194705380017;0.3484201537147737;0.0;0.0;0.0;0.0;0.0;0.0;0.0;0.0;0.0;0.0;0.0;0.6549957301451751;0.6891545687446626;0.17421007685738685;0.17421007685738685;0.5;0.5;0.0;0.0;0.0;0.0;0.0:PARITY
